Nl 4
18 36 36 10 
I T T I 
0.0 0.0 0.0 0.0 0.0 0.0 0.0 0.0 0.0 0.0 0.0 0.0 0.0 0.0 0.0 0.0 0.0 0.0 0.0 0.0 0.0 0.0 0.0 0.0 0.0 0.0 0.0 0.0 0.0 0.0 0.0 0.0 0.0 0.0 0.0 0.0 
0.0 0.0 0.0 0.0 0.0 0.0 0.0 0.0 0.0 0.0 0.0 0.0 0.0 0.0 0.0 0.0 0.0 0.0 0.0 0.0 0.0 0.0 0.0 0.0 0.0 0.0 0.0 0.0 0.0 0.0 0.0 0.0 0.0 0.0 0.0 0.0 
0.0 0.0 0.0 0.0 0.0 0.0 0.0 0.0 0.0 0.0 
0.18535634996096453 -0.10888538070597528 0.23538429636015937 0.04666390121870503 0.0073276441654687805 -0.4244955420655663 0.0016695624878809942 0.305016510351204 -0.38008752445831273 0.023158527115110038 -0.16520334898602676 -0.027768243749336532 -0.19041553590421384 -0.18198149537011651 0.11163329540676749 0.05784801997576247 -0.28349093050443447 -0.31304290780017896 
0.02860681398384719 0.012915792615556169 -0.6278254622213493 0.17022826508815153 -0.07675558798816141 -0.038273423338323925 0.29493415822981367 -0.2764114861626267 -0.14804200801368572 -0.23954303084773973 -0.08416011074251127 -0.03417135100591364 0.11292586521030587 0.24126424131853186 0.23574471994275176 0.20768445269440675 0.10010823638875439 -0.2081798689358646 
-0.39573872431822477 -0.07042632847454108 0.2667881385138174 0.006014214799202517 -0.09367851907942051 0.007572507570750848 0.31793397790479966 -0.0017492172996901767 0.03837741572228231 0.0009099023419218064 0.11967953208857453 -0.401151796559812 0.4857632083278794 0.20489043524447878 0.4566284529823131 0.33702779787853393 0.0492589837821537 -0.4275391746905105 
-0.036575099381844105 0.22335149285099204 0.3857144482609706 -0.05024922913922794 -0.019493560774565443 -0.017555219666138575 -0.029128182162983563 0.0026934104459598067 0.20200288284981566 -0.08979032349279949 0.11927185010904613 0.05756532044084354 0.32958234001060205 0.09722354675414269 -0.20335369747000523 -0.08726954834766884 -0.0403524760775021 -0.0019102144927383546 
0.2272543162314605 -0.13167199466100316 -0.063039760051478 -0.010785114864217753 0.11916428565499529 -0.23171880483718885 -0.3955143911366446 -0.09221847280461462 0.07849714010121722 0.12215020048289858 0.3064488307294904 0.153674102302396 0.1640130816510926 -0.08286927355965802 0.2645247070889445 -0.5348861267091776 -0.0402507159707486 0.3876885457786998 
0.11594834379467991 0.133469984276941 -0.16173823055027098 -0.04442944413721901 -0.18841227696771648 -0.3825779496874628 0.19965355471826549 -0.01276354512492655 -0.20737528771107105 -0.06672892943628787 0.43853804031660476 -0.3069593925398076 -0.024905083368343035 0.07632635352061443 0.4110858788487973 0.034627644474176766 0.22758989579791034 -0.20757216981766222 
0.06241604389392367 0.16181551248163115 -0.22176313774383133 0.08234687921359422 -0.18298899211280134 0.05194203136430312 -0.14279935982620695 0.09305130127444264 -0.07723176343190741 -0.31981596090572845 0.36269168134535756 -0.020287846109819898 -0.27879408988995613 0.031385278713968165 -0.04179477596238757 0.30527730054739494 -0.3905982579755308 -0.04080866559287231 
-0.15034898179732745 0.10939982032350533 0.15472998543876668 -0.09282440143990459 -0.06626266898029026 0.10239868141995183 0.0893491778418149 -0.14587091823586298 0.2586203323343612 -0.048804674612691126 -0.24344248056928525 0.10971131671536996 0.05756999412073921 -0.06030055147155215 0.036563939423308135 -0.04401946807621844 0.251540255437437 -0.028420133089071986 
0.27878699096940696 -0.0916811668060187 0.08210237624576035 -0.14428536429078467 0.08410603324839135 0.08557990088196202 -0.0958260386273071 -0.21263739138636362 -0.1458390656845312 0.04720183389196257 -0.1359428305130396 0.060820081004842416 -0.29856293442631854 0.0033670283568105587 -0.3295838889687157 -0.049389198677638434 0.15316636035126177 0.023722853410093784 
-0.018155553758004404 -0.06840397427493218 0.03213118484730954 0.1389013567786143 -0.07383563510224678 -0.12572382919991876 -0.08285537839456941 -0.0541729114345833 0.05654825917116449 -0.16174493893368233 -0.03632047763270211 -0.02545244859824869 -0.31430517247520784 0.04425171744545778 -0.2668751950419843 0.09725251432159208 -0.2676108898903873 -0.12751301338265272 
0.16690771329882564 0.041492152950948075 -0.08065414599400214 0.05010663314517176 0.4484044346674944 -0.347547499844495 -0.09593042753208908 -0.1797023786984679 0.06248114298308469 -0.27634373118187666 0.12990017459722625 -0.10400405605281189 0.004810845267812451 -0.10413903847493415 0.18492729067671837 0.0731235172974576 0.02375834334766375 -0.3255764210395174 
0.10874040471521575 0.06323276615567218 -0.1556604097996332 -0.1670031975957643 0.20180555829598576 0.16339331984988015 -0.11655903851593306 -0.007567933645811904 -0.09871028671329134 -0.06408476853573399 -0.12419016939801954 -0.1668728396392356 -0.1621184709011958 0.12734897972458026 -0.011394701319080344 -0.09590185098890486 -0.3338285052059485 0.1461420411357524 
-0.1874087607149186 0.2583657617918132 0.11575194209964258 0.010515384636126187 -0.1636960222777377 0.13240073399815722 0.1284028419413537 0.036409928332353486 0.20431100478392467 -0.15923180023887767 -0.04051326342944909 0.16703464407073104 0.3037045581432359 -0.1097756091684771 -0.173262410424199 0.09673959116194814 0.22770384266950994 -0.11268631755523299 
-0.3757444569696017 0.09733662402172191 -0.23902932997909146 0.047916192258374554 -0.06913549392534868 0.013224613398078686 -0.2878050973679733 0.029509432821592265 -0.08054598616459115 -0.1337808634733267 0.1055426857842804 -0.17152569310586013 -0.3225126774487669 -0.10829495713854247 -0.0938013506501542 0.24078587528740106 -0.23039975402959548 -0.29204192482155084 
-0.09656846327151401 -0.23425189362490806 0.1159725403269732 0.2037585239468692 -0.0868722370658376 0.34293704742293457 0.0005410435552642625 -0.10131668116625796 -0.1404578014565945 0.20553378385291043 -0.1086544129922517 -0.23402593543477027 -0.00362119841557931 -0.2417656858326438 -0.006432412974788054 0.19584753850856862 0.21153302699960122 0.137367851995462 
0.17797208022068575 -0.2779025414556938 0.033912740045657225 -0.02699442986048166 -0.289747433364241 -0.04416326291661391 0.25625613382401996 0.055496711636269076 -0.24659539852452364 -0.23594633849203472 0.050910672777752464 -0.03423499690238888 0.0939234132485701 0.11798394830533572 0.5031308250645311 -0.20553943753422577 -0.15432967425696154 -0.19496564194500235 
-0.13306127468461415 -0.12518435275071152 -0.20270059365836518 -0.21528609469988985 0.12131047477758726 0.1955562789912624 -0.03760997286690155 -0.16218629488411063 0.1866959689382645 0.15322418235314522 0.08423568335051164 -0.03657131285473732 -0.02635882070204865 -0.11515535629953362 0.29038885299452455 0.08220440835072965 -0.1010581565773809 0.011295382673999908 
0.22314046613912794 0.24132166040488842 0.02937373267707875 0.11350778860845137 -0.015016264968092111 0.24316155591727984 0.07586490988676863 -0.06866669970179216 0.14401925592958476 -0.029057104953091467 -0.2791554924851454 -0.18717854007139648 0.15185839393388037 -0.08741250952337022 0.16433868623928596 -0.11363175525837779 -0.1414443456018614 -0.1050084357679011 
-0.05828592527593959 0.12458741432201827 0.028030365726168713 0.006566198922278069 0.2993441879219527 0.03626714357554046 0.02872736086868893 0.2527008892739261 -0.06504543371994011 -0.03303893301624231 -0.41682503700345924 -0.048966624880632026 -0.3141010500693124 0.025463725827609255 0.00859708894532733 -0.30370807200877925 0.4063669469600971 -0.0890662868673801 
0.1010368201170043 0.10046779987147515 -0.12768878705176834 -0.12949747976428344 -0.009103638762740448 -0.35480998503063194 0.09498314756974319 -0.03352550978682768 -0.5351024047132694 0.12843031539444166 0.1690387388553369 -0.3627118800502093 -0.016483129800744505 0.22052932942379727 0.08944382548301424 -0.06498117549993425 -0.3197188699481473 0.018960182382535228 
-0.2212270814031532 0.03686158528656899 0.17038996777525345 -0.050211184993337106 -0.20047225887400058 -0.16811641974377023 -0.008687828407176827 0.09085698934363103 0.009565032272260209 0.05557644553447948 0.15468302998516878 0.2690482792687612 0.13821935482571876 -0.1145953778804493 -0.14049094456105746 -0.343094906659704 0.08675452605551168 0.032288907250320825 
0.15138465673212803 0.4534734200796674 0.1571464283755886 0.19341996099007253 -0.14038104520327774 0.20467607968441526 -0.3099387373811362 0.07485703242564969 -0.05802262569586903 0.17820995568952047 0.5991739245875052 0.285972744435468 -0.12119804966858475 0.08163237875526314 0.16776136030353572 -0.13392513090210312 -0.08991208156200324 -0.1984678346109208 
-0.03828575978953283 0.05338835134866949 0.17358105208569868 0.16632657780956944 0.3115361494838317 0.0058247583834736315 0.14053044050042046 -0.09697638169109869 0.1286082004356706 -0.16942604596845398 0.25765010501607866 -0.02915046165355689 -0.024294504541532966 0.36769560731755796 0.08042880006922506 0.09914503085310074 0.12253540744685273 0.027990118228406004 
-0.1243113276646269 0.08330091671959775 0.1847207788712235 0.17857604127180332 -0.3485768568880421 -0.04434973360312006 0.051094401616714684 -0.10531367989855459 0.05478109715798556 -0.07056107856513856 -0.035878608560025504 -0.09450091502195729 0.05388128983971696 0.03096841783773845 0.020422258200395497 0.008961873502572016 -0.018545293787794154 -0.16983976034522869 
-0.5634168224241349 -0.4576931230352277 -0.031475319035794994 -0.04412552553315476 0.13791759012160856 0.45365816233437184 -0.12527461548193494 0.195267539406207 -0.1040425377952779 -0.028414039055935425 -0.07222206959759694 -0.059942584313843694 0.033606547722890075 0.028873783644743307 -0.19653589132365898 -0.04895175849686019 -0.09348015355159257 -0.16433184422396432 
0.13837904933231912 -0.02572865630339725 0.30126442362236117 0.06771555206004293 0.05830106492172301 -0.023930260964132127 0.2027363176493829 0.31800470289743593 -0.3920800164436697 0.24404200946639207 -0.002088679938595502 -0.04545612318595114 0.16617060501060113 0.08603915366213034 0.09444342447216604 -0.12130626092940859 0.10027237138456073 -0.04194210234576685 
-0.3515223360453477 0.08647970731663053 -0.17043609252204328 0.113466608016843 -0.03401605601533777 -0.10978368262520638 -0.01925060027942005 0.010086296397166874 -0.2515965233073979 -0.12484238024603195 -0.048396647105923264 -0.24755844085232745 0.05167495888362066 0.0876033841201152 0.41400942312423794 -0.40895738645610474 0.14775487733407094 0.34475153049180274 
-0.18053369335157846 0.15513347478131004 0.2514740753880424 -0.011684969598981495 0.00986528779426606 -0.23912212119808957 -0.39537988263105084 -0.36734747296676173 0.006082636089654158 -0.6024427555036692 -0.012798676855196898 0.1312900091056366 0.20434341132677494 0.38095796225821615 0.07617236774512201 -0.16621170355236453 -0.21102533164394513 0.12546426085680806 
-0.03147083848199195 -0.27138723417598254 -0.1126401073626655 0.11670012815031851 0.45342853086541546 -0.02165583657085308 0.029265007679655466 -0.22222713928402082 -0.33381250591282924 0.09833306524823918 0.4038979897191877 -0.2546659389963138 0.10913589610372558 -0.26671357671629714 -0.04381388145609925 0.3484967938658548 0.07530803433938237 0.0518762663439644 
0.07858661251847288 0.25440761061718303 0.02326071524066106 0.08275403440460113 0.2782267270565886 -0.3463753191164719 0.30205878061543207 0.18000897525444 0.15953813590295318 -0.15047484080461032 0.02130193260717574 -0.09702798265933524 -0.10061441809508724 0.08426368962607621 -0.36338969131718146 0.08367258514380806 -0.19073145349399392 -0.16374841634340362 
-0.07106189810048338 -0.06504181269696907 0.18697453741523642 0.06911389225099207 -0.10272603016999922 0.20492160452813155 -0.37460563220447185 -0.18577373211664425 -0.14965146789508726 -0.1323694474511665 0.33873315132246024 0.12916214104774024 0.17743850999780286 -0.08104027753683957 -0.14141009232625723 0.01905257084348422 0.14015041246485754 0.110669300103515 
-0.17766026558090117 0.26725649501658894 0.21211868654943955 -0.3316827060821639 0.10146916867980471 0.003572757961906275 0.132861147570429 -0.24860184164647095 0.28489309223282866 0.20823198495232334 -0.08219647041139594 0.27547243269913674 0.4613473924095374 0.05109691024460615 -0.07519186658948175 -0.14052949260541578 0.12213062653590795 0.448416887839242 
0.03364705694834957 0.5950279943006557 -0.12543063840241767 0.10019744759295628 -0.06617031310396726 -0.0801197981173363 0.025808311758225268 -0.07236741183206784 -0.05886162418157485 0.02259304910528389 -0.3049545612097561 0.1553716389579652 0.0337337345643577 -0.14765230984317954 -0.16204009187818075 -0.15260488280461523 0.043094461095783354 -0.0677858495138816 
0.029302278971715657 -0.3022375512618629 0.11334484985847049 0.21097678269803696 0.24626143585982072 0.42027300975038884 -0.02631898041748376 -0.021063149667425705 -0.06829887919862221 0.18856539150295953 0.13501965743598277 0.06890326509391789 -0.07118606375053528 0.013133083700771611 0.2789976325101129 -0.013855250557659324 0.19365703669518144 0.2391300919783095 
-0.09675772036915456 -0.08581528708006225 -0.22501598707021503 0.20673623314485337 0.10313566229021653 0.2850169005852002 0.2719833083075374 -0.3506087118894826 0.0643968073875005 -0.16257644128247303 0.3991788623903408 -0.1328498313727365 0.048180298426637395 0.0701023995118591 -0.2572717551223848 -0.2871018274213678 0.13716976417326954 -0.03274105054645669 
-0.2322655576034815 0.02911843654297389 -0.0689315106297681 -0.12323304000989625 -0.09118579325777758 -0.08150384870926716 -0.01070972097004237 0.09970050438773813 -0.05124638450390925 -0.25895259949353017 -0.18211814571133075 -0.06409340540925208 0.1879662164036354 -0.10218311247679497 0.20700226650725348 0.022551602147229597 -0.3328704483412386 -0.11733962912102555 
-0.02825119178455939 0.032717932478119396 -0.03733523385856932 0.29169716846298993 -0.09022966943749323 0.2249342843787321 -0.26391980386068215 -0.24556307795451807 -0.07760907934294076 0.053087732469105545 0.2533031011234979 -0.06819085972189724 0.10446637557429969 0.11911351428986519 0.12453372239422614 -0.008600634703141805 0.37682001343707594 -0.04596028722509915 0.13000607103376527 0.06417613221422014 0.07515354572912028 -0.28030462673856654 -0.15424517539407767 0.1657618133788099 -0.17342658374650377 0.06375922765671078 -0.16638538559139052 -0.15379902813533108 0.03227034987432208 -0.07589846232488637 0.1966305596948781 -0.09740542689968654 -0.04599085038343038 -0.11525173698029303 -0.05858589131568221 -0.06795348607662455 
0.0593006484099658 -0.0563167588812481 -0.12084590074067197 0.05955341247660962 -0.06941833384304184 0.03465854542681641 -0.05700704898223272 -0.05844241175555052 -0.3242223440860251 0.024915662079453216 0.07992978087101849 -0.13249914795371556 0.00785241102720697 -0.08264170565881604 -0.217772103950289 -0.2520221440319014 -0.08656804483666415 -0.20134626922582477 0.2882263084257605 -0.000836414062864081 0.10158721619883435 0.18543360789197544 -0.01957519983742198 0.12625716589419445 -0.15551767839604055 0.16327239455464831 -0.042435529627120896 -0.03188391430252524 -0.22924838664952768 0.10049932658899431 0.04410687085541985 0.10447626637974679 0.03152337926976302 0.10044063678360617 0.2778130860648159 0.06726958580641186 
0.1347331105390924 0.3833673775978461 0.16261351189513212 -0.007974118982141414 0.1118066091142238 0.02063083958326152 0.26619664623797623 -0.2802988334191396 0.17662957843776445 -0.07684703101183399 0.1752277670683691 -0.1090511088094405 -0.2363007483940527 0.08091461756911195 0.10801613357846099 -0.18422627090921367 0.2340371711435503 0.06279079815353777 -0.0068942325296403595 -0.30174327420559427 0.242951163423531 -0.20172652321026618 -0.18536142914881307 0.11489534100820727 -0.0570483822289363 0.0496361376047771 0.06857736288128932 -0.19903458409226094 -0.15731684651554498 -0.11744939258929527 -0.2190989452324787 -0.21914641303548044 -0.05095679064088708 0.08329315064031104 0.2643985006616038 -0.00026005199136543947 
0.02219024139262813 -0.15069336149081664 -0.14550658045345669 -0.09810759765503126 -0.04054050671536619 0.02276222883769597 -0.2408428723849029 -0.023516415629451146 0.3152301261382665 0.009896113075837227 0.01650823020838838 0.2625355331738439 0.17525711641021147 0.27281216187124224 -0.19521012811954552 -0.0508676329888099 -0.050521456422826155 -0.3504551473301099 -0.03008548898014264 -0.038786238602898176 -0.10550142892276848 0.04895394085796628 0.028584600828976715 -0.22886061165414098 0.09774056179073538 -0.22576281810053195 0.1138273105460241 0.13329426183949775 -0.13714996017728542 -0.18247548459191865 -0.06281080431932357 -0.24861237729822708 0.1341301588279326 -0.0505573589476922 0.005733221361553288 -0.11864992165502997 
0.05661717705167083 0.07926029916143772 0.1150052983575109 0.09764043082937009 0.17210124385336092 0.033827129240719365 -0.0039046011216041137 0.19445513214956356 -0.2102647976627208 -0.36186653306055555 0.16985215033981696 -0.004543624946031435 -0.027920513661358663 -0.029452093074952057 0.04740054400598921 -0.17618317419944635 0.04150253781064429 -0.14869740594116965 -0.12526273143199762 0.14642056532913733 -0.2759414206193456 0.39696678404112823 0.009378745433848402 -0.09124065448499102 -0.11567817174322045 0.1264817176309857 0.1730864803811013 0.1721221732730224 0.27033944911532226 0.053687132972771286 0.33779199724404957 0.3012508426995417 0.15658692970321303 0.19474517790190377 -0.5188966427787013 -0.2076725665589121 
-0.136493347359757 0.10544114864694176 0.060427810765898246 0.03141751638530008 0.08613722442056482 -0.00410633684799711 -0.1303314392161991 -0.036829807072674164 -0.21111708997379652 0.07927821692370632 0.006522965560125217 -0.251625658659448 -0.12083045402442702 -0.28656366357769675 -0.14883924436260332 -0.06959825489764013 -0.07129352349680261 -0.019601397603257385 -0.21718550888964877 0.0366540087459774 0.0764663807563155 0.02872574916428772 -0.06381542842121717 -0.08363170400084198 0.30242579119429513 -0.014824454776436336 0.26617694403589726 0.19417086049649868 -0.06335683473602262 0.02940430900837345 0.16672494683494832 -0.13377819850335515 0.1412661433820863 -0.25005820610902485 0.05347628918396672 -0.27926150297547914 
0.20200152478118627 -0.03643959322905725 -0.028434397895067645 -0.2612168786661369 -0.21404354543013276 -0.11286714042338464 -0.0892866507226724 0.15712925932303956 0.22283705389289932 -0.27219234558559235 0.13130995379887012 0.12004289108217497 0.24881230415217387 -0.3257979323565226 -0.2633296666826986 -0.032086528028162795 -0.0029904073113665797 0.1125295938025977 -0.0037075859226666425 0.09899444514436319 -0.12320444892401346 -0.08376405796002281 -0.08390507014574186 -0.02220273868849705 -0.2696860584234634 -0.013384209684613145 -0.2783086447392203 -0.10976218789086487 -0.022971714032573323 -0.14442772586180153 -0.3635404968360992 0.15992239436169015 0.025988565087207816 -0.21978529076565845 -0.06430593461202144 -0.1123329375202218 
-0.18756546960179976 0.08695448404338703 0.3096255046533069 0.0707572829608254 -0.01955004330791525 0.16695138803144927 0.09439626398851267 -0.24572812726490573 0.11863876280760546 -0.06904703675751134 -0.03812133668115817 -0.2550062305744747 0.1388123626099648 -0.05274903347220558 -0.16057329145894236 -0.09244847572937245 -0.1131277870900512 0.09362051639419428 0.01477410721521864 -0.05100428550422888 -0.12803471768598484 0.13304407161389087 0.02504205280304999 0.039333354287647615 0.26801178324595587 -0.03630168882019553 -0.000939952301960889 0.018466129808163187 -0.05497426402748995 -0.32932518490665874 -0.20292659188401277 0.1711225201660467 0.2568140071280997 0.28018551062991043 -0.04879289279675576 -0.0811780760341935 
0.22312029676740358 -0.039906078529816674 0.04450029937095291 0.27220443577230924 0.03767204548317177 0.0840312958246354 -0.12361423934158246 0.21490555557703545 -0.011079969612981532 0.02415328284082884 0.1541463830889218 -0.08796059341850866 -0.21943219328471075 -0.01045199637103507 -0.06746980295199043 0.2895552197917817 0.08530862485659294 -0.07411361043842321 0.012046493659269217 0.0730412470226851 -0.10583670024226002 -0.1307196187840951 -0.10485270232175894 -0.07726945170535854 -0.13873060260091669 0.061800723197383146 -0.13169766481370562 -0.14777534522156116 0.16795434949020496 -0.13481392837269843 -0.072935741741459 -0.13462486866662485 0.27686006935980256 0.3730078739331991 0.12049007750294091 0.051491697509272946 
-0.14483927929594892 -0.07204897962041557 -0.12904790025394294 0.1035228197775735 0.01100819580995833 -0.16080799983989486 -0.13131755972348613 0.04223279312630349 -0.24639196526168086 -0.0707586425251922 -0.16057570633975748 -0.13442512084935376 -0.009287870765963026 -0.1333664167296853 0.008542431425135076 0.06730600161661279 0.16727363418739505 0.06412853857576617 0.4382937085289312 0.14729939102290768 0.08182706638307789 -0.1904996299165295 0.18842433205645365 0.050735705751385085 -0.027788854532556004 0.0745423149815523 -0.10930692665602601 -0.23930512721776392 0.0823041350386478 -0.24288249794145947 0.14670923886463916 0.12377873336140077 0.1887017000929837 -0.28205408843254054 -0.07635620653871913 0.5105407220179191 
0.12944585052947943 -0.1726051114199425 -0.15517407269313882 0.1398138159998025 -0.2870203022964796 0.14254074497757105 -0.1505056664584266 -0.029267609730522965 0.03514777647039381 -0.20073884634286757 -0.002406541165672378 -0.016114417288931305 -0.03877627134183819 0.11194657398486693 -0.07344684431027952 0.38096013659101824 0.1368458037252258 0.010455324880837892 -0.10115833748755933 0.3054348075328997 -0.037601512367312115 0.04755682795744474 0.0007117047221315878 -0.15477482992678143 -0.08131157274956832 0.19151802014569236 -0.26358802669248527 -0.2560191389622446 -0.2547146306751184 0.2424716104644904 -0.13452879257303485 -0.06510537048216411 0.25498018368016095 0.18379234415903284 0.21015703762182014 0.0076938295651547695 
0.0322109471476375 -0.07698269038636157 -0.16835515843211374 -0.2209631047843328 -0.4012588016211116 0.14209391257196968 0.20531438417460549 -0.08029691704873684 -0.2818093325933532 0.12572312965303137 -0.3939530251293283 0.008807296310706232 0.01972613062601606 -0.029331033162964544 -0.07227278386443736 -0.15155757814604282 0.23172354403544032 0.10742439391491374 -0.1645890484235343 -0.01907109352569006 0.333272503093832 -0.23131802669665227 0.04224784367732082 0.014141400673089298 -0.21442354007887449 -0.30785010774622845 -0.21421533401818474 0.012889676176196416 -0.07500966334822334 0.3413034939892645 0.07039844327177862 -0.03932247470692117 0.22800566547374546 -0.1628317564842876 0.2861161397980427 0.2240594355924881 
-0.17620584088458735 0.12813141752173995 0.24618136517391215 -0.045802859444835566 0.20399092092053606 -0.2118597495448064 0.025231833987681175 0.3527856955585096 -0.03988618308579502 0.16270879565466723 0.05712311321247205 0.029999134937128996 0.11666397281915145 -0.0814604640140935 -0.11451582065867702 0.005729220614864 0.39727102645649504 0.15095686270469802 -0.16965053766109395 0.2922909242076977 -0.1074153253885345 -0.07835415357847504 -0.011474172445621211 0.18393512553914293 0.1392145978715739 -0.0473575408875161 0.0365894851183739 -0.17680404290130647 -0.1315971215009286 -0.02237079404135882 -0.13011231070616358 0.00808164593512906 0.32512466150651886 -0.02682268512092451 0.08630434810017845 0.32665189680041634 
-0.1977191584965136 0.27994783196334805 0.0502398747133732 0.09811122666984343 -0.15820407248064713 -0.03778490299403012 0.20871476701176297 0.012555238815344177 0.07312624091989081 0.03792690502088057 0.3177644540228908 -0.03057249425662641 -0.05106115192939246 0.06435580833779936 -0.1180230285956236 0.17175215043003636 -0.06947104221449671 -0.10190682014733554 -0.3846690810935377 0.34336086462192394 -0.06731621468068562 -0.0015645325245548618 0.2853146255933885 -0.08794163838784791 -0.033547676815959625 -0.34882562027261854 -0.30705198427707714 0.14301557024407302 0.4464006958498876 0.17871952708454142 0.15653247350917043 -0.1713480948129478 -0.05877090085458354 0.07170184366666729 -0.16292650822401464 -0.14076312172613586 
-0.14867442619974414 0.13507977948479521 -0.23649831089714746 -0.14421628785728974 0.05945646274840577 0.16978466485199464 0.050361776080688606 0.16500938714711266 -0.05306030283759555 0.192865978345853 0.02725352145484551 -0.1308136400604164 -0.3299991235344527 0.43373762703730034 -0.23295734331022902 0.22979956554138994 0.21163625361699703 -0.09346030758002591 -0.34400385308995585 0.05487655208609105 -0.4004599960201554 0.040696781439677254 0.0963189718298926 -0.2909152050939319 0.23504276541944602 0.01964546328312007 0.10439825321721785 0.026255967053199273 -0.1797875185308561 -0.2255967171507473 -0.031998796519486485 0.18184667823705053 -0.02262431680748702 0.00689592401010548 0.24723905062152754 -0.2179842361708825 
0.03640078511524525 0.23919053589775835 0.11796835854037543 -0.07747381576455734 0.042679520341191886 -0.0366664411942075 0.3285879536651285 -0.2867538564628689 0.22288145330200598 0.22129471584439467 -0.20997445873514775 -0.0368322285671215 -0.028136340046191744 0.255456508451014 -0.0822551071017533 -0.14739437662808735 -0.04094632129421293 -0.07564647477171832 -0.45112974767403263 0.040317651412204634 0.17077937686811065 0.19394577938010518 -0.330922133406446 0.0628605369412607 -0.13496947043519825 0.07881540260227218 0.13565549004367786 -0.06940177861862107 -0.17101209254015637 0.13183369909296694 -0.03950782228518538 -0.2758779911184133 0.016121505454480097 0.0026446044369618804 0.22680613860496804 -0.0754695369899045 
0.11260507324438501 0.04457054276074557 0.2708634226969511 -0.19185370878165958 0.13651794264408654 -0.06820205110991658 0.11136618588209546 0.2723426215198801 0.2729746548538807 0.1285464706926026 -0.19436961699010002 -0.13493230335129774 0.04156655632760416 0.02959830604326655 0.20491869628682738 -0.029385484184156627 0.07748334513199592 0.2780272853027127 0.24201678542715102 -0.05671836258568007 -0.22654195974313876 0.250020405098159 -0.20574536483388273 0.10696970803712497 0.09893380225958501 0.3642934845797814 0.24580936293652783 0.17949961907620898 0.3042591884327884 0.07035235309873994 0.1802349280643873 0.1453863220157699 0.00538096413195089 0.05352173871391097 0.14014340192583602 0.14278997101368346 
0.1255022084604484 0.08341569893924762 0.059544086057904046 0.12761754287985627 -0.028310979356717298 0.10669802508917692 0.0806163327185525 -0.24294135200752492 -0.05940229700140355 -0.046743802830694625 0.06348546731271805 -0.1569482233132486 0.2995720040811307 -0.04323546553757093 0.08173523834776454 -0.06992016920594013 -0.22120745921614504 -0.02807437420020674 -0.07473918470165436 -0.015387767582466804 0.2132636377438965 -0.10372139997365831 -0.17735555564287123 -0.15107824323296629 -0.13707402048714676 0.09284541574022044 0.16650726837400914 0.1568211822289234 0.16155081265746865 -0.35939038265143114 0.08374042158437923 -0.0014477093011365664 0.2888592763227153 -0.28648899870289896 0.1008623591002072 -0.2622153181648253 
-0.36848030955733047 -0.04665966014894081 -0.08703505620815533 0.10896811840860834 0.035883755605638626 -0.07924316527505139 -0.14472101200244347 -0.12359554254727076 0.21772768904198048 0.09388485044888661 0.24970037435786657 -0.17387211294633825 -0.10839720688439565 -0.07426025798940138 0.5443744768969763 0.0384817388961564 0.31354209991992604 0.248162764469739 -0.08685773515896963 -0.008185481099345353 0.23101787490577677 0.0292975975184228 0.15913713614347297 0.021973292582063212 0.16727599962873085 -0.16062168575310715 0.06259807625227022 -0.05640894912010734 0.10161687098506457 -0.10055580422893262 0.09950519240500418 -0.24038645313257223 -0.45441893969583436 -0.04500192148424394 0.12099405650020037 -0.16099967819780125 
-0.1481648142110594 0.12605930558425077 -0.020371159256190704 0.13597625339656982 0.13680733819116428 0.021631978026989587 0.022074094507847253 -0.09725302708286211 -0.1777688896762601 0.1272710391983376 0.12391786615334573 0.028047344205257847 -0.0540216112632338 0.2944797042035919 -0.014304676412427737 0.14680073289106743 0.005021705678555996 -0.2244500612452257 -0.1695910300296372 0.13926619559398362 0.16734037271475238 -0.02485314278791117 0.08553295827973692 0.015838226474901098 0.2366357950831355 -0.0031305888223120094 0.01211397896718764 0.46757435556679994 -0.16920519441964804 0.22787707448600136 -0.004729508807843838 0.3043549752661224 0.07957615609862756 0.17873859443924844 0.1739276850773033 0.06526591393399611 
-0.004656585054737539 0.08871260647397616 0.053835056283119395 -0.4176416769442305 0.12322181683832685 -0.008327101605328941 0.3451965768771322 0.0402211084699958 -0.13995514761818936 -0.12368956485448224 -0.07461954870280318 0.05594519894309004 -0.10283752723586173 0.11426291958996206 -0.3085236053380139 -0.2571881618061137 -0.13529530902102774 0.3202317938994769 0.09898181522764277 -0.09132792796876935 0.027481039821535075 -0.11897185766812209 0.006675674684085584 0.08558766536849599 -0.13890899765017295 -0.33296594918710376 0.14403120247473028 0.12098338430450112 0.1512844337390845 -0.0563057664717322 0.05346682964084471 -0.04959710974655205 0.09617141704447954 0.015353709951392826 0.24860786060079768 0.0026338631587282547 
0.096372305052701 -0.023764988293284724 0.30267721315350055 -0.36005164779937543 0.03790975639301575 0.08267076961233943 -0.07793182904612972 -0.07614389715891881 -0.025632693243368095 0.2336242590820013 -0.08564228118509876 -0.002108989096713148 -0.22460025987651527 0.0634044592476235 0.00598213120607027 -0.24683304409474677 -0.21385185703792023 0.2713680881272045 -0.06626455102959222 -0.07722765649217832 0.02424085432593243 -0.2554814794449157 0.17427509115249534 -0.0034686615995930337 -0.04544203542451609 0.17913493359808036 0.23206503452486854 -0.32403158100282503 0.039259162007418955 -0.07052719975677732 0.09078574019117322 -0.09934432493546397 0.07663398616142998 0.029894241110379582 -0.11254499591681488 -0.12817710042975272 
0.1497914895999996 -0.012339501691795473 0.11228962416783872 -0.3837089730858487 0.1972728882611275 -0.16202294468323086 0.12346291117987043 0.2340636953190493 0.1559963458239582 -0.007812698652205541 0.16769640618336626 0.034210945959624976 0.15783898554577663 0.16937336586858653 0.0703343308667558 -0.07642628569417231 0.0997653139112526 0.004560931555304175 0.022931363840057395 0.21122349966326992 -0.10173775261195984 -0.10598490276097591 -0.15295474157931585 0.06944961750065887 0.34508036427783684 -0.11276330581826752 0.2883075070262545 -0.1745068219452665 -0.09102994070148385 0.06373017346728183 0.03227885558882922 -0.25954489670168746 -0.08850349131964264 -0.15306398232383148 0.28810585873010597 -0.16098276052881832 
-0.27757980336436244 -0.2951030173078799 -0.018031082745952547 0.385591024668819 -0.07411139132677667 0.1019806074082136 0.21083870897621 -0.060997002002519625 0.1851657760350114 0.10818803604465965 -0.12316145742978363 0.09044219372515735 0.14975393156128325 -0.23927672293168528 0.08164026481049916 0.09439016343238868 -0.0345670045270661 0.0937756841310425 -0.22203544480013138 -0.05563296767706484 -0.20140118660222608 -0.18566751600153114 0.13026797956313887 0.34618610215616546 -0.09549705392371838 -0.025733052854220333 -0.17642899469843512 0.026076590667471106 -0.05613908792454198 -0.12707020445912903 0.07019499330918155 0.17811854461782806 -0.27982852825912435 -0.23692700260483496 0.004146322965609033 0.2685764485824648 
0.11398587171999315 0.123772910365001 -0.004454385616750963 0.0978237034467735 -0.019936970746333646 -0.09972437921285406 -0.25120582123959867 -0.264775177759509 -0.2638095999244747 0.17786628869664656 -0.13179095250268882 0.206589996052639 0.032606871519219496 0.19929442548769327 0.2665517747656522 -0.04730943291451435 -0.09871468204146655 0.03549331965969342 0.137514623700504 0.0497391481021493 0.09584887681245974 -0.17857514418056547 -0.09050969335579363 -0.023153421942074513 -0.105946774046151 0.09070161353205505 0.058493690319418604 -0.06843697372008445 0.31973999765692573 -0.11460091313328132 0.12331074766412382 0.11856210189992625 -0.10074228018551408 0.3250839992475617 0.0369686628929698 -0.018792475418700254 
-0.062109151974452506 0.0030721921891557363 -0.01736646602647821 -0.045179922182564065 0.09622861639659078 0.09772728788713006 -0.08691124156151477 0.06585255234173384 0.22634449096424117 -0.2953232836008466 0.04197843864176216 0.0895210271813648 0.09826912051734812 0.14874934046517868 0.07683564454389973 0.31441745810664046 -0.06727050644895732 -0.12841169390272442 0.26290241209683124 -0.1733036216145618 0.07636517962752581 -0.16337385884697908 -0.11970379446602936 0.002455562571026102 0.2307913857470242 0.2217250455341089 0.013929149357696341 -0.32474062519035574 0.06475353489751587 -0.2655943874176594 0.050545524609693 0.03298954860935971 -0.4572228878022076 0.1190049424432264 0.2852298337625949 -0.2160353622177193 
0.10704406383275024 0.2307397949041881 -0.12277592455238763 0.1716910008573052 -0.16413011772080408 -0.23866657407930036 -0.13721778487516978 -0.3142680137297719 -0.28768877234556867 0.12706799097883256 0.08125124212328326 0.06799231106755524 0.025321184003741573 0.06323324336334751 0.11826342784049526 -0.13327308233662488 -0.113261699082809 -0.23014570470148787 0.07467747664934013 0.07404071663500608 -0.12843293555834343 0.14682367930037044 0.1024636282505472 -0.09430057861228455 -0.06839609112609966 0.2365089974686116 -0.13186585351174013 0.001581163963180107 0.03058935785575598 -0.38617181602580564 0.19765695974352865 0.16536931031174842 -0.1008959854169629 0.29188709897616294 0.34573373731895823 0.16647379519681166 
0.02294071920700421 0.12718246992980173 0.05171914575149726 -0.014010181188265781 -0.01330118447502674 0.15464260248164025 -0.15550601926406965 -0.032775038273936644 0.002750496368299827 -0.3004600250650724 0.05272931019387392 -0.08465538574134479 -0.07743025108451936 -0.28054588024497107 0.02313923743265537 0.11340589743696661 -0.054336230381074775 0.09846285974804372 -0.016734659955494287 0.30009431376797985 0.06634849419404563 -0.16933437996404022 0.2632168713990723 -0.10973960258910871 -0.06959723568094736 -0.013097734577886573 -0.16421461085088584 0.15147719457113243 0.1378464180557335 0.05259978250036751 0.197168063113141 0.2052767379227703 0.11937602872986561 0.15536939591740193 0.13314623731942293 -0.18939449579193451 
0.215664931144818 0.17592273199120012 0.2584195957140235 0.17720724103430968 0.22152884846157672 -0.022216274217709196 -0.09035757045247986 -0.030228222170808547 0.03879196930184896 -0.017541429886173576 0.02733079335959084 0.032916382460657784 -0.01741045300941787 0.21723219030451907 0.3111613160252983 -0.05757812878975766 0.06220593716417378 0.3135589296972472 -0.1949361487455451 -0.08809726617203924 -0.1300181012906055 -0.11983674645731754 -0.2412994082265594 -0.15709313942481748 0.08947944393694049 -0.0711495847140605 -0.1507943107933335 0.10042119829297355 0.2706279373539258 0.21548042319372462 -0.06994950346655658 0.03637692244691193 0.262268119454963 0.3092683985177693 0.04312792135905327 0.2630755070318668 
-0.0069284781702915205 -0.2329262650266708 -0.08163686295603957 -0.3661562026030954 0.27177801899273163 -0.08196698416614467 0.005153422502143859 0.038654597157030214 -0.21844798150359684 -0.11838793383932308 -0.1598561368966862 0.06852405467714004 -0.05046185020999711 -0.11957268595158213 -0.11532592522112498 0.06612290691840264 -0.21403135161190626 -0.06765886351457856 0.28780106986388904 0.04093439705943189 -0.19189796083820035 -0.02286794400774067 -0.01796934836173994 -0.13055862495634812 0.01961391529572578 0.07435338679925318 0.04124171134412509 -0.030655792282057545 0.0654278513262514 -0.1044811576056854 0.08343359762350207 0.04225511849980426 -0.2514480442763941 0.0832361102793868 -0.23008789517395858 -0.2755716818417183 
-0.21328646012222063 0.19535665718729295 0.3116284659556291 0.08946607990095751 -0.06561351317325569 0.03248703829600186 0.10497927859673223 -0.019146260517027114 0.24213823472599008 0.12680214850991192 -0.12643067907602012 0.11113244676811534 0.2856550869407703 -0.08543244316698013 -0.06069201847283802 0.11633576905779358 0.2346696951044828 -0.13631005253159958 0.10004430306059521 0.1776271361735048 0.042987982845577345 -0.32713067606428525 0.36147056294753993 -0.03518339242557402 0.055868465290420145 0.01594405795749118 0.3188296597254956 -0.2044370417430861 -0.05844081182330732 -0.10582134851225827 -0.0240301896144074 0.03723745675404172 -0.0007836164643380192 0.24766653876231215 -0.2316030504830877 0.08158898358875565 
-0.2838879407176745 -0.3306264519176623 -0.23444320438612876 -0.2621066232812163 0.003261141148672379 -0.00856100990729338 0.05462010004372715 -0.07334624742256401 -0.06628571454130577 -0.10143834475347348 -0.013903544042840593 0.03128993378188925 -0.047506495906448606 -0.00242080458985217 -0.050509001837836145 0.004470912863525515 0.026483841064295896 -0.0333386865389001 -0.10376830949199212 -0.25043578261742605 0.11768407383023205 0.211897966751054 0.12364498691630728 -0.16846022151307644 -0.29676643077059495 0.0574315599588934 -0.0575381391367524 -0.08548349431325926 -0.0679948726886146 0.19210092907993098 0.07144633118109167 0.17978624684754144 0.07486076223511043 -0.14980312269796528 -0.0753048437447559 0.028923840538808643 
0.0022412696589585745 0.015335965846337611 0.009671364659581565 0.335683682679237 -0.02330055995587941 -0.13930531901353735 -0.01240239532782286 0.0013021104415521809 -0.0954077131073302 0.18413828203634564 -0.116633252310654 -0.07621445596124506 -0.05252004244913387 0.21304003332724702 -0.008759943214353362 0.2336321860429125 -0.09397102665864837 0.0667514529064116 0.04831578000700902 0.08861054414053454 -0.212783121337007 -0.11772773195835773 -0.006700493264926829 -0.08671336133022345 -0.17400043509801294 0.2181514220052307 0.2762778538488698 0.017232540884208235 -0.05463292850820789 -0.1764121256175614 -0.04373821961791072 -0.4181905468525307 0.10384568465410139 0.30467728383099557 -0.10244525049559039 0.037849979826850094 
0.4102463408922894 0.015066569559149052 0.16271602284632883 0.16059664229748336 0.056114524974704455 -0.17589172658995866 -0.4088183732828426 -0.12501088395618087 -0.12559750578599854 -0.01959080967346075 -0.0839703030015723 -0.03661815687624941 0.09844537406923379 -0.21309069112918191 -0.19070433137489154 -0.11581185858532225 -0.14576238252083407 -0.1466598118903255 0.38661763595404103 0.04508248176411037 0.08396775143852214 -0.25245186895559557 -0.3129890433655111 -0.27518190481288207 0.16662272005006426 0.22436961148180334 0.049933171694487334 0.017213838723971656 -0.14633841033217077 -0.05310646492793173 -0.09857563370194157 -0.02629470061290727 0.270466153606112 -0.04920165155248286 0.1704591733610478 0.13628457393020638 
0.2731938275283238 -0.12019966326526743 0.04466354138907153 -0.04607887730804953 -0.378861611684334 0.18572724927068276 -0.0027066506924380306 -0.03412158695507879 0.2156571175277217 -0.35119875299144265 -0.11531847962544618 -0.049119061853310594 0.22707091966388684 -0.30622560578404273 0.12351946706470153 0.2690176113274855 0.2316265389976263 -0.19731216264638807 0.04152371735190057 0.10388179560570832 0.1772632945158942 0.4478466623525209 0.3217777929953543 0.09106807431943549 0.1428497223850731 0.1497383868794517 0.12992117492680827 0.33874819511316134 0.19826913115758682 -0.045856369527715914 0.02226452698016213 -0.002944956793031984 -0.15956773021533532 -0.11664915253665427 0.052533370743541426 -0.09192554319132218 
-0.05472187898145747 0.06731301826420914 -0.2236816557522721 -0.18630220062672365 0.013611725460176098 -0.09676956286951338 -0.02421500597581943 0.3147482721649695 -0.22510771257426 0.1674972897147128 0.08089359491485319 0.1649784779413116 0.10615677907533419 0.0705010645560247 -0.09352864536521029 0.05751450366761449 0.23478881701140855 -0.1249293930492962 0.16721708621570647 0.00047471553666535583 0.2337455493375205 -0.15979245894177363 0.3525637261593386 -0.026252362705814762 -0.1439495928009344 0.2761735047827283 -0.0668721660047914 0.0069708497419753886 -0.31437354490852376 0.09939741168322248 0.09897366950826036 0.09949081831231044 0.21512664077136473 0.1293993812742777 0.2254738015645616 0.32635331305680754 
0.31506746993398926 -0.00680365618396674 0.28683064609748943 -0.055935901068662294 0.0016257085021347943 -0.2969673436412687 0.011227802101531754 0.24845516290080272 0.22698566278185922 0.24892720318112077 0.14412039490030965 0.19526774280903816 0.4614682740861047 -0.0019658147011061555 -0.26794199700476734 -0.03362553817400203 0.05884016952561025 0.1273158062628635 -0.19655251092265957 0.07889637023806234 -0.25057582003960055 0.24791716181540419 0.0017010698363053266 -8.392876646701419e-05 -0.4421224853693026 -0.005737570916168241 0.38512936542479864 -0.03271539905051255 0.03315918769787175 -0.02704720154966422 -0.37558424479351965 0.07512256624937388 -0.33744537200842467 -0.13711819275361128 0.2608682263567037 -0.3970557288064725 
0.3851617247515176 0.026781791353037918 0.005536466094969612 -0.10343531624094969 0.2013520889190414 -0.3306547207145205 0.18314703574493005 -0.16849111296500965 -0.049689218004541805 -0.018466791823880814 -0.1530052795255622 -0.32085834731644525 0.32478019959885146 0.03644985067627346 0.08713385465719685 0.02484784444764063 0.07145585602998522 -0.23238522271558998 0.1475773675995916 0.27260082084326676 0.13103740720056692 0.23852264046987923 0.2277468649946685 -0.21949672849714885 0.08135768967249961 0.25420847859598417 0.23403488299217706 0.08149865222161756 0.08027260483900883 0.015895500089284538 -0.3308745910046592 -0.0755249307952864 -0.06859570657869839 0.41801587820049907 -0.1330440509269266 -0.2329092797942202 
-0.2787186695742915 0.440673603765476 -0.01007706649099866 0.24993265212705937 0.23974033813959986 0.39864989309583715 0.015914707113215267 0.06705330016922409 0.14963126889018272 -0.19924158023892108 0.15226719315557377 -0.021309016078176153 -0.009197335314366532 0.2254354035097881 0.16524489170438864 0.25856300653200576 -0.07549295627415235 -0.06290539046239198 0.5246310203731025 -0.1677551115947137 -0.15592926253476616 -0.0748794149300693 0.007067682445658721 -0.31075527746989834 0.3937296722424555 0.02425837834513173 0.09658770879169021 0.10311584414802286 0.03367389535124224 0.04943136707258726 0.04339460497207609 -0.09238099702104888 -0.13959905345494478 -0.24412166930972945 0.6294553134386073 0.20495472492213312 
-0.3101653543318325 0.13782536265915737 -0.13959489176406809 -0.44730467407913144 -0.01803989346872356 0.13008616709002838 -0.1831713058605989 0.2989689824591336 -0.6452174316106417 -0.11609965599812098 -0.1387345579188392 0.17141918000616016 -0.13809869616032608 0.03865325083135274 -0.06268040835403031 -0.17504589896801948 -0.23035291709393846 -0.03675249576687902 -0.28764979333782253 0.11150154253853874 -0.07072055177032578 0.01637747696747075 -0.14715174119336358 -0.15450074481351633 -0.17475307797823705 -0.2847409329191089 -0.21625425233352394 -0.2338475693296272 0.20596739739653927 0.0333939131606584 0.0874651068253557 -0.07424463960869196 0.03705118161709779 -0.06891021671769607 0.3315075776216899 -0.3763480331027035 
-0.11584595999411977 -0.00819447662359031 0.30811203128258274 0.36573651977027577 -0.6222996416823419 -0.16376419113869378 -0.23368416495700942 -0.2147929690029002 0.1498681579239685 -0.37990906168530675 0.1823461861781641 0.29376364154335516 0.16486161812283975 -0.06781895721438976 -0.08830290712061135 0.07210944383994862 0.2235511309747642 -0.3643439741064212 0.39203304368538805 -0.1405532116311698 0.02771367184496956 -0.31499053518597614 0.02351859988075941 -0.22092076331165142 -0.03024308598172265 -0.2349842288388593 -0.16465812897262164 -0.04923157296665519 0.05870234879305781 0.10566796228811509 0.5592997279829532 0.10672477688060734 -0.33605165681728355 0.04132191253969024 0.2111946280233244 -0.27838872837431455 
0.004013957295642694 0.06259197368321612 -0.1176755666280548 -0.10380942691535619 0.08705758715715435 -0.15780564887907686 -0.060845715517096215 -0.20771844332789646 -0.006887506697285324 -0.14298185996208465 0.009248468703109995 -0.3011050876834783 -0.17145631451260016 0.3235165767742864 0.06058432620316133 0.3543587739917571 0.0003093299264732312 0.02341875784293181 -0.24572215321651053 0.14382337388675162 -0.08987893779661152 -0.1773996645600679 0.19891076172995215 0.06286096947945777 0.03612469949621835 -0.0726289179843642 0.0444765646364491 -0.28126558409278624 0.12124403905586403 -0.008798634078114998 0.2410593098431548 0.15258658250085577 -0.15796032661521112 0.12616942031591408 0.034069102515589755 0.01126371041421175 
-0.1340465601774088 0.30582369481507216 0.21678008697697054 0.16225917245652444 0.2858050001432865 0.3158726763631839 0.23296821915906527 0.3507937260125995 0.10454590711006508 -0.37491172828625485 -0.08680208736003193 0.14762005389305907 -0.11767773751990002 -0.07728839768562384 0.1479382264698646 0.22760318712630193 0.2327728931864804 -0.02143852786589216 0.14765324749423436 0.016932439878972645 -0.19912508067908308 0.35479511737274755 -0.066611137750911 0.26348616679128484 0.16575797943022216 -0.17859176306459915 0.32615333571031757 -0.04424671180781976 -0.06778742585552087 0.10634709544645625 0.34189291237688424 0.01462523946898144 0.10979912494186182 0.37505583529863545 -0.050767828186606176 -0.13395669641079286 
0.057290205231786115 0.08174672168963461 -0.6201566366462287 0.12559876625346497 0.2158883978939868 -0.2668912076486021 0.13344056635305415 0.174812382414216 -0.43047505622315996 -0.044062436711667374 0.17811383484414853 -0.2406862336204287 0.30156140131856285 -0.17654973704668603 -0.25818175207021166 0.21543407919520524 0.03819893197990334 -0.0021996532705925854 0.22209065843255302 -0.30157124585801937 -0.15470478971755536 -0.14950987888869494 0.00590701326466333 0.011191020047695741 0.007487932793326535 -9.976062341361893e-05 -0.185619419808857 0.04703189566534633 -0.23610232423073094 0.04708615255047714 -0.2319891643895495 0.28330709453229147 0.017406583666782813 -0.213661136985674 -0.15050784985294752 -0.23998611853617396 
0.17815245067718058 0.04963059709006965 -0.18071878847482198 0.009089941163574127 0.24541773189259192 -0.3093567534826806 -0.12676586579912225 -0.00032662909764610436 0.0027778556424419825 -0.04739216277304671 0.02598561355635873 0.21943913577908739 0.4105217660546715 -0.33287594917031343 -0.20010335060150353 -0.2332721461074717 0.2554444098616353 0.04192513596074809 0.1725304573038348 -0.04481504013085732 0.497654805975625 0.0914548129858436 0.08312682507856967 -0.023485695891923966 -0.5606127952821519 -0.001990116168533842 -0.32674191256102025 -0.15860464661332138 0.0953159155853187 -0.3126223108524677 -0.06846137392267132 0.06564341455750346 -0.43080069065677934 -0.2549782913813416 0.22098043418636734 0.07771880444939337 
-0.24140959238089787 0.08637636487453428 -0.06637486989167217 -0.23024989672835353 0.15395133717077022 -0.5716981064366508 -0.0905282560209068 0.05767939301564058 0.2414580090086942 0.2785371163182899 0.10416398352767614 0.1799930494540688 -0.035187343413367086 -0.29730769208120145 0.06572360358503253 -0.31270398707581976 -0.25505813152280676 -0.1946104104307932 0.0006948657989280075 -0.16588879624441116 0.05655157181874624 0.09545670748856533 0.15839747235414375 0.2890742144194476 -0.07548414575228958 -0.0686797718636484 0.5624839641880662 0.08434392493626296 -0.19605830019736858 -0.14292402242807117 0.1635474977021982 0.3249422851215597 -0.26647613609999227 0.16073385582255578 -0.2747295160278588 0.23285158865577638 
