* Dimension of layers:
18 36 36 10 
* Types of layers:
Layer Tanh Tanh MCTSL 
* Biases of layer 1:
-0.17314432409 -0.365661302521 -0.222890260609 0.0676517450705 -0.0471889395562 0.503304615302 -0.298740817605 0.119600886152 -0.350455360682 0.25343375162 0.102663817382 -0.116017416575 -0.0801750254963 0.149428178369 0.00336900405526 0.101081883458 0.140644528613 0.342523524005 0.702554633781 -0.210865699523 -0.00275448187059 -0.0877607292026 0.267172428927 0.450632083994 -0.0952350669288 0.0897787544508 -0.431560704913 -0.10848940335 -0.0989008660429 0.212766666151 -0.24791083092 0.0517549869222 0.447032634687 0.187728646041 0.110021663432 0.0908395522282 
* Biases of layer 2:
-0.0995490301421 0.152439003756 -0.10285319937 -0.0714509298757 -0.3321091113 -0.021431586696 -0.0901649118771 -0.00190474074565 -0.00460637585127 -0.261034434424 0.045543755895 -0.109223655116 0.290122215785 0.0336797068689 0.101661053778 0.190495659673 -0.0191992523879 -0.0734664211931 -0.0286685592491 -0.0725895420575 -0.0724714084871 0.117269964661 -0.0800735775104 -0.0988193745868 -0.127140551478 -0.00548581539216 0.150798615937 0.068976752188 -0.056110043449 0.022905930387 -0.0504450926445 -0.128503494689 0.0807066645819 -0.0701499045881 -0.293612064834 0.0785301496792 
* Biases of layer 3:
0.000771344161719 -0.0459141368123 0.0406144149882 0.0547617463428 -0.245152755633 0.0492867329648 0.0653713462129 0.0969615448535 -0.0166935883074 0.302574487078 
* Weights of layer 1:
0.235845108867 0.217582848881 -0.782086322571 -0.490796179276 -0.510016944017 -0.245156254749 0.571945732245 0.17514153447 0.488494135189 -0.0740357402502 0.413127040162 -1.19651054154 -0.11422948047 0.399794921399 0.394616217832 0.0926270916774 -0.424862667197 -0.0659339456294 
0.328005869894 0.00419430060883 -0.43801731362 -0.509759699153 0.186821428316 0.26136493299 -0.0469596564495 -0.140869961629 0.523375882816 0.364691594152 -0.0642369573083 0.0525235796329 -0.0803010760868 -0.189463373636 -0.0382115566778 -0.147013583398 -0.0769043711768 0.0173985938853 
-0.669983805323 -0.349913623059 -0.00496003349457 -0.228976261198 -0.095611555041 0.0994642523529 0.547361000418 -0.30508235624 -0.073118490659 -0.0963554170225 -0.0697984102098 0.326156099406 -0.215070412254 -0.342066851833 -0.190098150761 0.261174524712 -0.0653914919578 0.721161456416 
-0.250223760189 0.214741114032 0.10009515336 -0.129980879529 0.830668427663 0.266531695919 -0.0403693954143 0.146540005413 0.290828720457 -0.151361451737 0.217841276961 -0.568547007281 -0.0378762606503 0.61119362043 0.129789063203 -0.198537880912 -0.467626412214 -0.52159913181 
-0.0697651845877 -0.401481279463 1.27282104083 -0.199292616806 -0.5402278224 0.272220670944 0.0414679598355 -0.213434440491 0.55731702176 -0.746499480056 0.135107070137 -0.0816021600083 -0.285063912027 0.542793669438 -0.095292999572 -0.884568971015 0.260883731323 -0.296675860491 
-0.410276188987 -0.293672599405 -0.711739509734 0.556745260128 -0.384583322262 -0.241200333208 -0.124415092627 0.0950679099195 0.647847839208 0.315921423937 -0.119353752679 -0.000780818870211 0.681073721929 -0.13488305459 -0.165547185581 -0.0374915718925 0.0381625549849 0.103809869692 
0.725566744763 -0.277090274598 0.12227216609 0.081209532433 0.678696827643 -0.222076630589 -0.132358856842 1.05626272746 0.015633330865 -0.271477018686 -0.899078176054 0.183584285986 0.0394184892489 0.46179668507 0.0319336676548 -0.522593611562 0.0764432963337 -0.263619063661 
-0.0700783871982 0.136656926226 0.335523166349 -0.395809067809 0.338645882971 -0.174359441728 0.153363955884 0.020719842414 0.109319274662 -0.80864366552 -0.287293212773 -0.444058672213 -0.658534964943 0.0631574847536 -0.215459114026 1.02680475036 0.269257501882 0.573493157043 
0.836132612967 -0.681067769771 0.0240453046539 0.248032358485 -0.17547323841 0.504189073287 -0.159510670132 -0.834604897028 0.631556111531 -1.07160271766 -0.594342292016 -0.532257471392 0.205467989404 0.764807266952 0.0836714832615 -0.126808365742 -0.313821189433 -0.22282318966 
-0.608166040723 0.237129256646 -0.226051948511 -0.401588163348 -0.278219280205 0.568398183983 -0.0542121781385 -0.11126673537 0.174862983149 -0.235173318277 0.0966467639327 -0.27297254917 -0.00711460327279 -0.342362589897 0.571265011748 0.0115597193434 -0.2528055182 0.533176697757 
0.0826673636091 0.793626176116 -0.333082356198 0.531559596614 0.0619528345814 0.0363434080392 0.123891204986 -0.131215491576 0.313524839433 -0.0435432857062 0.258677434377 -0.689817146688 0.479892274518 -0.0479757025454 -0.557480276569 -0.256076125607 -0.435384672731 -0.356397328487 
-0.435415189902 -0.122302726223 -0.262567086594 0.169042495053 -0.0982437485446 0.191589585611 0.507024067396 0.540088243201 0.0723370361184 -0.277257811554 -0.0279139414785 -0.17566695589 0.256979446029 0.498254067065 0.340575013231 -0.120613865441 0.111582987522 -0.188710005724 
-0.243249347093 -0.0948653991371 0.525772612067 -0.336361259182 -0.0616641826646 -0.0948806039304 0.502628823341 0.022069313497 -0.160251878186 0.930600162214 -0.32389114354 -0.120071794896 -0.327094581693 0.0528691412479 0.0239181910939 0.0898674998956 0.256522689507 0.0589132062828 
-0.0859669817288 0.022414954024 -0.0290465025173 0.168546679413 -0.616844750307 -0.150621494442 -0.714046680164 0.0321511238897 0.230785643116 0.210734704619 -0.0195872693709 0.342214921147 0.00226258774039 -0.447619984596 0.0449537097108 -0.0563233951819 0.0526918153557 0.0437745478263 
0.081412721917 -0.0497578279967 0.225890796195 -0.0922176639402 -0.0249345112478 0.785421340726 -0.520368369075 0.360017520006 0.149521073619 0.225252335049 -0.386979602668 -0.405312233769 -0.310106816208 -0.0971778182574 0.164281664115 -0.268266391619 1.00440540263 -0.325289528555 
-0.392149085213 -0.394390518106 -0.307818644911 -0.345324475693 -0.0146701816945 0.0498611647344 0.662411826856 0.306099018766 0.67712570446 -0.0788564078026 0.0608076984721 -0.0486853970825 -0.0345788542336 -0.0831174561237 0.560295816459 -0.10166739758 0.118862249157 0.185585567363 
-0.195233982199 0.397016096807 0.120529523191 0.533333280709 0.293081056419 0.58442330086 -0.694270003106 0.4019170365 -0.77970173146 -0.571984550996 0.107810902787 -0.299945540015 0.00676551763244 -0.0356492242654 0.311656148044 0.24421957086 -0.395959147326 -0.00591493720829 
-0.349907367797 0.3570240916 0.626981622901 0.00827799282618 -0.389742080178 -0.384305597685 -0.470499838554 -0.000653264773093 -0.173548403155 -0.758982577419 0.43251396146 0.0165301526856 0.711197456002 -0.26504612472 -0.27097588815 0.142002254658 0.15657168055 0.813885052763 
0.775691265654 0.131550874071 -0.343664207411 -0.599501833701 -0.484515562726 0.563551412861 -0.325367046061 -0.0416624920016 -0.535921270492 0.151578680291 -0.0240789783741 -0.311235529352 -0.528963151666 -0.0688893865803 0.809967968007 0.172560341829 0.0112232993433 0.0447065273409 
-0.00115621239608 0.706268563714 -0.089941742662 0.353341698933 0.650111356771 -0.255736865605 -0.128237897317 -0.617678851648 0.265052212972 -0.412259556216 0.176070370197 -0.0105161223256 0.0591219223451 -0.58202340291 0.0592800605103 -0.329052973409 0.0302805365658 -0.32840816673 
0.121538929183 0.42540054471 -0.265496813161 -0.463476264077 -0.091312976596 0.525073163453 -0.183682148479 -0.394860879293 0.103830897479 -0.328769054463 -0.0167764812496 0.301844089935 0.244115712634 -0.728985403916 0.505653900034 -0.192116869149 0.0296120231198 -0.33627095109 
0.230590743632 -0.118384419848 0.290331581061 -0.240615552197 1.01906870022 0.217846478031 -0.443474281284 -0.233606891665 0.407031141829 0.109361724783 0.370476021797 0.323433158755 -0.414645109363 0.109431592562 0.0948429829209 -0.531003342698 -0.560480704342 0.200401553031 
0.0724576659159 -0.0757094189766 -0.0377348772822 -0.0101230720386 -0.039399862391 -0.312704842196 0.0725683958981 -0.413463973026 -0.874137650849 0.161688793407 0.323567705225 -0.728898625822 -0.067195713682 -0.227103052413 -0.0736815598627 -0.0507393929682 -0.215020233374 -0.252202110727 
-0.147937302039 0.211474158134 0.076929849101 0.123095521284 -0.0393029836148 -0.160033169298 0.470629264791 -0.0510472015337 0.230977943584 -0.357330899109 0.206365843601 -0.147645751356 0.0102873353709 0.801109719519 -0.322180943182 -0.606659263933 0.507425760574 -0.44926748751 
0.527042004114 0.175703481039 -0.215362366008 0.233591460524 0.364151647451 0.173793448389 0.45476310638 -0.195736138969 0.208618514031 -0.456786558497 0.0885242289062 -0.163075929482 0.212368985055 0.125253904885 -0.24851013365 -0.12789115648 -0.206782079052 0.315072084283 
0.0247782051846 0.0410864132021 0.969584733674 -0.612883558963 -0.0986659402596 -0.261525529418 -0.463121390881 0.64275028132 -0.109269643421 -0.143512087912 -0.191488974662 0.274416397209 0.0911733756458 0.413990791131 -0.15309052765 -0.633644005724 0.00935461838392 -0.28541367875 
0.660244872432 0.0181832159823 0.517771630367 -0.260970496502 0.260843225161 -0.450965606396 0.932582698945 -0.487057348696 -0.550822021261 0.557737903058 -0.311971009738 0.28038377489 0.168773300519 -0.00324719122631 -0.0901028361311 0.860086922875 -0.199454054069 -0.570581626378 
0.907725908928 0.446293825662 0.316846224268 -0.315222043063 0.171439677817 -0.242146788664 -0.319615309935 -0.186603272001 -0.0537766820561 -0.0418172227611 0.429996487133 -0.348487685885 -0.148947614982 0.415599101941 -0.393883769878 0.714153328131 0.252331105688 0.544281458598 
-0.268506909482 0.754985748492 -0.0169201740454 -0.762780998736 -0.330025661306 -0.516903012374 0.584246813118 -0.158723787827 0.0593127878856 -0.0354748942054 0.745520007865 0.514982275951 -0.254089111099 0.629261365636 -0.252233609545 0.145481388681 -0.710411414425 0.321551459506 
0.377327623702 0.249133583891 -0.598512083325 0.0868014368912 -0.045999065799 0.303245205867 0.322777561256 0.365440880899 -0.945977986583 0.0766217023886 0.444112511635 -0.465195077923 -0.297766593325 -0.0437581115532 0.00963742818441 0.106714690677 0.324170307195 -0.742745609637 
0.0955912806844 0.556075906159 0.363035898537 0.501442601058 0.197535075157 -0.281047979779 -0.189294264234 -0.228364953068 0.360788693228 0.512941516534 -0.191059196585 -0.0836064844694 -0.144937386758 0.873337788008 -0.144612476923 -0.140275361539 -0.442122618827 0.434982877795 
-0.536923754487 0.00903078386205 0.241086875338 -0.265032420596 0.147149596416 0.810520542376 0.147305054676 -0.244686756072 0.39071878989 -0.0985475710137 0.240756404843 0.0872597906153 -0.332327620792 0.315188159727 -0.0982916055506 0.47307300996 -0.726492723712 -0.350234726283 
0.467248448287 -0.12057071385 -0.0414728427423 -0.129646911386 -0.44576543414 -0.0498574587684 0.0679929428089 -0.425960662725 0.16934967385 0.493738614652 -0.480793606401 -0.403727074125 0.556542436484 1.15468293194 0.616206785127 -0.430920435216 -0.381278093412 0.422860629526 
-0.897121927721 0.280066381798 0.519968305122 0.330067602498 0.242679375862 0.0624697371037 0.78678653468 0.106234856287 -0.278110367458 -0.840465059159 0.0199146424275 -0.613274415414 -0.328424759294 0.735258551017 -0.22485137319 -0.292057669302 0.187665746634 -0.746298874304 
-0.17898068278 0.349808467165 0.0795100353671 0.0544088288147 -0.361028985578 0.151555742191 -0.430330572722 -0.337619284504 -0.151047991034 -0.198531989543 0.0572832018795 0.0542078754139 0.111568154307 0.287042711038 0.217653921146 0.0159398814039 -0.172233689537 -0.178246316945 
0.00263512822527 0.165462680895 -0.0953717610003 0.290503295717 0.354976638051 -0.0138537870612 0.0768962071673 0.104974739456 0.525464576296 -0.0244909898262 -0.00429204741213 -0.764079063018 -0.0204526548209 -0.458700705164 0.0535006202868 0.986023622452 -0.471764998429 0.25498180907 
* Weights of layer 2:
-0.665299204694 -0.207781788253 0.0369966456844 -0.446361246243 0.361317435639 0.563582335547 0.394055929044 -0.0812410428025 0.413829105243 -0.173191643861 -0.625666100964 0.0188209881792 -0.00509970569058 0.288229120539 -0.347918438526 -0.123390706955 0.0887838445925 0.0856126212816 -0.138500634186 -0.33050238343 0.108099296348 0.114447017651 0.0765526806939 -0.276641825876 -0.0974510631672 0.250595105535 -0.0930235114348 -0.560967642352 -0.397975161144 -0.434779756581 0.0103645264486 -0.419659467914 0.162790943101 -0.446584627675 -0.136273306094 -0.515760847607 
0.0687155744989 0.0891697703329 0.0546182905884 -0.0295660074785 0.0824258309315 0.00624345935236 -0.0694073917471 -0.107783527701 0.0260386344504 0.491899271872 0.357319326591 0.169519127486 0.0510475348979 -0.378057278366 0.277630088163 0.139357517687 0.301640421651 -0.43920003492 0.63099288859 -0.123471132069 0.234803570081 -0.0666783556568 -0.0133059949038 0.138947660918 0.24755221766 -0.348967269595 -0.254804862537 -0.18693859398 -0.231663734155 0.319473794368 -0.592842864454 0.306507054081 0.180437302663 -0.406504556783 -0.114387624157 0.334001720019 
-0.415730121473 -0.313229743618 0.070928834576 -0.172343158391 -0.00235111781513 -0.149097543172 -0.00534735327981 -0.0506230254664 0.135675977372 -0.202475657017 -0.486666983796 0.0730820165919 0.176541761521 -0.135978828623 -0.124134753495 -0.0719702562526 -0.131419824141 0.313136046234 -0.4067883044 -0.0451618839588 -0.210862888562 -0.126347245843 -0.189157384798 -0.478484567096 -0.171025853305 -0.0964299107466 0.32061136544 -0.21873893107 -0.180729062772 -0.0705882032058 -0.0620960345167 0.142481008962 -0.180164706344 0.158035015357 -0.109461654405 -0.0451493966046 
-0.0459388329548 -0.312351588571 0.149943531713 -0.208304440636 0.00466426990817 -0.0236780227391 -0.322385784713 -0.396674989633 -0.107069365438 -0.0439118513524 -0.14621452023 -0.0997696428896 -0.213488849395 0.0616643423079 -0.0568654307248 -0.0614020167625 0.0373505739146 0.64387094066 0.406454723373 -0.230393710384 0.125319628003 -0.330464882086 0.244659638856 -0.211563253445 0.0682820766798 -0.039251028903 0.996010934196 -0.273510294047 0.306507795834 0.159569250869 -0.343012916543 -0.381443745401 0.0611429547298 0.0141333060668 0.167744795273 -0.105155129681 
0.44319757878 -0.164452149902 0.196798678455 -0.00421242823747 -0.213378757457 -0.0231710541006 -0.0334251600101 0.433494278617 0.491596679374 -0.330543692341 -0.0457502130659 0.0903589059204 0.13067839937 0.0597600772209 -0.25913283951 -0.0676873717324 -0.407178363299 -0.249760322214 -0.398392047642 -0.212270451093 -0.12344525366 -0.0201081745841 -0.327313230255 -0.487449536395 0.053418901081 -0.455587576506 0.736551029855 0.363875494599 0.557534647722 -0.352317617711 0.496092100808 -0.233997963584 -0.0559254502045 -0.204146670272 -0.156186803182 0.212484505248 
-0.0918205729405 -0.175855241742 0.347993132905 0.326028703434 0.397845531566 -0.205702126636 0.101376560715 0.368062570166 0.278862534856 0.227255866617 -0.356484028796 0.0976228888687 -0.392505489081 -0.163554126253 -0.210560157266 0.458118703697 0.00352449531679 -0.0963079421138 -0.451969872176 -0.0858274679508 0.0448657773507 0.597949158086 -0.374280493025 -0.117935054537 0.176201170856 -0.0504836330924 0.167437173896 -0.345693438616 0.312399523726 -0.250144922787 0.264340249474 0.56052745322 -0.21627386891 0.0221017555159 -0.179944712628 0.216171791033 
-0.18600804966 0.133117586182 0.00324869216001 0.0999408277022 0.431370973483 -0.312986583155 0.0767168080444 -0.269562903313 0.227380321768 0.0657501543236 0.00991571949771 -0.0135308944006 0.654858366399 -0.0939985647235 -0.0461808425844 -0.112410052101 0.377958612193 -0.342050623983 0.108675877248 -0.252835255996 0.311447389084 0.41518384236 0.0181423103633 -0.193966623109 -0.229269244412 0.244233882658 0.409367629877 0.0837946775788 -0.418386747634 0.118438620763 -0.160023797498 0.38533054948 0.45418978328 -0.439951920672 -0.0406244830788 -0.144762267749 
0.353657423489 -0.0272239313982 0.135370185635 0.227897152985 -0.335105637105 0.180950847911 0.0919673314991 -0.162289774205 0.444956092639 0.231487559195 0.200880775875 -0.0149287277505 -0.227516489379 0.0126363657719 -0.702682625569 -0.00413307229142 0.207427712493 -0.0990378337345 -0.158165467308 0.54391387555 0.158919389743 -0.203304445122 0.167215682966 0.0755664115763 0.139059809397 -0.512719668192 -0.187117409104 -0.197954833171 0.0728604066051 0.0652037157107 0.198788710154 -0.331949463659 0.281757682537 -0.0435515377846 -0.0301790681442 0.275369456763 
-0.159737030416 -0.124688637616 -0.0609785120318 0.108203061245 0.234568683372 -0.130873745758 0.846604748212 0.322584961872 0.179176886886 0.041753087148 -0.228050665626 0.342213117208 -0.000227385395915 0.145221391201 0.372660960046 0.197471184953 0.471882035897 -0.17932030895 0.0178080789305 0.117335358686 0.137841271543 -0.398454500418 -0.158802911014 -0.000308680575298 0.176280206998 0.191812181025 -0.392833759847 -0.252332852195 -0.680425428715 -0.22025000242 -0.0794406449175 -0.509624187453 -0.270284634837 0.058467902651 -0.231631281036 0.247526439318 
-0.0546564258488 0.223793263285 -0.378265285609 -0.306052185543 0.424806017851 -0.0509280058248 0.422841606281 -0.124574893742 0.227645497868 -0.209420995574 0.329676694439 -0.177050971033 -0.160516709582 0.349617565464 0.232275426493 -0.193046214452 -0.352220322889 0.22243225727 -0.543038812175 -0.0136603891846 -0.245301403239 0.125355730608 -0.197011540364 0.140837834328 0.0949259484324 0.313406912584 -0.0640851956316 0.331829224291 -0.293334567425 -0.175848897921 0.439242433708 -0.522952192116 -0.274806897638 -0.200002923949 -0.331242960662 0.0608171413876 
0.169633743352 0.0437914792142 -0.126577022836 0.0777521854858 -0.351090262394 0.676598426694 -0.145117703703 0.150300672918 -0.11484307591 0.264446054048 0.174898466229 -0.135106613817 0.0276631800754 0.235933637386 -0.159150542479 0.140177074794 -0.0306113444276 0.364538901543 -0.570341183277 -0.0581069058513 -0.159914293302 0.11137159484 -0.263798814674 -0.214119935155 -0.181092857921 0.207558809385 -0.649475672984 -0.0599674688364 0.253904681832 -0.747630889199 0.205854937596 -0.131982899435 0.000804248123304 -0.773379214317 -0.0171206633363 -0.0953223958838 
0.385587815225 0.0286231259681 0.407244148587 0.0736603620418 -0.166553241858 -0.457909215967 -0.294598836911 0.650572368601 -0.537736301831 0.579401445134 -0.212928162457 -0.130680564684 0.0630337178475 0.138989475487 0.330408441273 0.256007315994 0.25985171133 0.316733399352 0.339045636671 -0.278137393769 0.477194169448 0.0171556814968 -0.244883253157 -0.0943603239128 -0.173816736955 -0.0743300541999 -0.458431972138 -0.0713567060318 0.264248072068 0.0162995300786 -0.0908556979075 0.315371059628 -0.381169236384 0.232218102208 -0.137501111856 -0.203179440956 
-0.339164337646 -0.540126538015 -0.256611844649 -0.148115058652 0.0653597215285 0.330870640708 -0.180507643227 -0.14827388598 0.35438251789 -0.0634413845785 0.0363444052453 -0.294646703012 -0.43200760218 0.258408841093 -0.238385252223 -0.171572372038 0.172727578048 0.369648591143 -0.178103191323 0.178506206595 -0.0222636147433 -0.313333417659 0.165851193273 0.0741925809918 0.134512806498 -0.172040355662 -0.377363526288 -0.368228698341 -0.393572448792 -0.249714748144 0.0608162643235 -0.367444390015 0.32327300441 0.0263251589634 0.305901124368 0.482864911508 
-0.749344436387 0.0475312314693 -0.425122164898 0.144929894626 0.328375675606 -0.374618871473 0.269648692652 -0.270117862507 -0.248695407951 -0.401872906487 -0.0821716252475 -0.115798476721 -0.0086408758138 -0.145511709541 -0.063064438814 -0.2482787619 -0.239839946776 0.0861655506175 -0.200060319395 0.303484037066 -0.133395039555 0.405252539882 -0.171469544005 0.200035995104 -0.0848324995935 0.668368573342 0.327453546447 0.0740360627623 0.520869497078 -0.22616882735 0.19389375532 0.140576630881 -0.262266387119 0.392996775474 0.254697233117 -0.579280786664 
0.385138203234 0.106943420876 -0.0415235872341 0.749305333997 -0.0715752830819 0.00783875266692 0.638237516196 -0.027162387762 0.686944257244 0.11164689778 0.00937095102645 0.317146882383 -0.140740830431 -0.296537712861 -0.121779280155 0.18971789171 0.682792808509 0.300837134283 0.0142583952383 0.314618132434 -0.219564732793 0.286817632663 -0.287634877014 0.320508936463 0.278656759922 -0.120618766012 -0.214658987074 -0.505106373269 -0.138614628354 -0.160964132021 0.205324998451 0.13093007632 0.322459114578 0.370467460239 0.0998429397758 0.0457673350317 
-1.19004668524 0.0380366640116 0.109068962064 -0.38409525244 0.135443266138 0.266337722671 0.11946781869 -0.328197460059 -0.16843337888 0.301618361436 -0.0402614724448 0.0217007948311 -0.297939824767 0.0819354295929 -0.163556463747 -0.529076713899 0.404071387851 0.0998815601804 0.0217359679359 0.1710773141 0.343584244691 0.418840813458 -0.302521208678 -0.16704957915 -0.128893519064 0.209395937723 -0.315457256369 -0.456977776076 -0.218230606856 -0.506775893233 -0.249110129415 0.0676675496581 0.140569378034 -0.296260178563 0.0976490785518 0.00839422655364 
-0.155003660722 0.0861082634432 -0.554904890967 0.624577322723 -0.239877380746 -0.128984226859 0.309118772681 -0.282637152763 0.293824192624 -0.252572953474 -0.3518099759 -0.270913585252 0.23369792563 -0.155120228774 0.126562240833 -0.106455247354 0.134774715551 -0.582143434781 0.360505481699 -0.260015739442 -0.155935977974 -0.0273462758502 0.350751183012 -0.425462627429 0.075509154129 -0.150876300839 0.270175610362 -0.350591655853 -0.482567651023 0.372528176858 -0.156296335928 0.0863691251648 0.704781972611 0.140274826528 -0.0132297621383 -0.263106793737 
-0.405046805141 0.0957701788009 -0.572055598283 0.462205064731 -0.0298271752149 0.179793015157 0.564708143142 0.160526826424 0.564247570839 -0.328998574851 0.433993106136 -0.505048694732 -0.323245518827 -0.229817166785 -0.042597271795 -0.438839058903 0.379269182259 0.0492951679586 -0.384429961373 0.589878492379 -0.0612057783438 0.292066026707 0.00144754725669 0.066820216374 0.416654061594 0.28773383834 -0.246771430045 0.162701615494 -0.272108160163 0.154446868239 0.617483701187 0.126495439591 0.233182075328 0.201380685651 -0.0377236420142 0.290968158244 
-0.318169287604 -0.0519832784213 -0.0203902162407 -0.26530097727 -0.301736716218 -0.181842092734 -0.134298753376 -0.207167323051 -0.295346732656 -0.144868362097 -0.107608966807 -0.20571740497 0.194509450912 0.216548982982 0.22517557411 -0.039983808866 0.053639820343 -0.248986506442 0.360181350961 -0.202642372962 0.0524962573068 0.0233378546821 0.559561748654 0.0490321374512 -0.176922398321 -0.111856629201 0.211751892625 0.402934787831 -0.177827778368 0.450589592623 -0.167929116045 -0.137502328553 -0.131827622713 -0.520379523742 0.0430242414518 -0.40871671963 
0.309572915534 0.282480051878 0.00500737910775 0.0217570560502 -0.0123906462672 0.0901946398299 0.028682540023 0.0882019669816 0.114021904615 0.189285597682 -0.606654566857 -0.344966753663 -0.169086146181 -0.0611853322593 0.236121299209 0.0446408277281 0.112198778345 -0.068151711404 0.765761636444 0.120021496819 0.328618602714 0.0990234979119 0.368482189665 -0.224022299051 -0.40216039678 -0.0756307462274 0.0852886651131 0.299747527445 0.0898782327116 0.0414703784341 0.235029831688 -0.165429860442 0.456097426994 -0.920313944378 0.291441817842 -0.163561769391 
-0.0728871608678 0.0725496474737 -0.107417659044 -0.165314322155 0.0508410775961 0.0783630607254 0.724623079127 0.0469503476929 0.569131182379 -0.145170848565 -0.423939527712 -0.0277635397665 -0.00392778778779 0.117550953721 0.0654558680759 0.13520530107 -0.165890646594 -0.249538210652 -0.0306792789045 -0.297584487755 -0.519536264397 0.160663291693 -0.0940086020329 -0.429915961591 0.059511019774 -0.00778227065375 -0.189776119369 -0.2614692629 0.0306732460618 -0.0717568228379 -0.164910416739 0.179787906733 0.321558188916 -0.704723747922 -0.0742882897482 -0.543146557962 
0.0735196752088 0.0567901308441 -0.401270108425 -0.0178504833691 -0.304148729256 0.0221548108307 0.639891381463 0.408837201035 -0.163387626147 0.0474857653027 -0.633637909724 0.18730570425 0.364441291271 -0.0700964996336 0.327311613457 0.51266083688 -0.486987384862 -0.2811014099 -0.288737043618 -0.00165684256677 -0.415477030844 -0.390398270003 0.117418911342 -0.165870270946 0.0976449286556 0.176039691627 -0.134912809101 0.321439828316 0.0135703783095 0.319087442315 -0.0979430304314 -0.368659384479 -0.265257731344 0.331219218393 -0.226672499583 -0.124729073683 
0.0300862034062 0.289971993253 0.231207828208 -0.270828945942 -0.696417074833 0.283321974216 0.219488410315 0.476661476117 0.348420942885 -0.498461134294 0.151493856297 -0.276393694579 0.0638487369006 -0.179041499991 0.229890039699 0.250270778404 -0.275807054055 0.137667334017 -0.184233786054 -0.544762205406 -0.438187229959 -0.28371309347 0.035710615268 -0.261480416951 -0.0706715946191 -0.411677831433 -0.0217718103116 0.381926043378 -0.137793287319 -0.405006780438 0.028051087171 -0.238126784005 0.0639426534029 0.121967938096 -0.0544187429564 0.154539046159 
0.275148820112 0.305087983854 0.540244861918 -0.0887282734581 0.478047433201 -0.236845373432 -0.208609070978 0.526129648888 0.665715074566 0.246633813028 -0.497724109406 -0.00554625437434 0.304480159622 -0.0468845123005 -0.0793859040395 0.165059599219 -0.136484383019 0.0173950991811 0.501308751659 -0.20890944838 0.15707245502 0.779016338859 -0.0426631530042 -0.197578779957 0.119099862418 0.0418174582343 -0.159476225084 0.126081875283 0.311975960378 -0.235635793783 0.36519550017 0.028137712135 -0.165489995577 -0.498929210481 0.123897233009 -0.144962937 
-0.226887758078 -0.0670036100935 -0.476552896506 -0.279010025907 -0.136773900544 0.334157250557 -0.179115872566 -0.559670123367 0.0289001552163 0.139889173726 0.299231909753 -0.0799841966747 -0.413566472199 0.429275387215 0.187679081709 -0.363296663876 -0.0739888129734 0.371947379437 0.0316042346705 -0.0713122139011 0.0949604162368 -0.366351244632 0.171729386427 -0.262904742364 0.339105011401 -0.0584096065598 -0.380924892321 -0.0361383452138 -0.215253362618 0.0724560514238 -0.156158074646 -0.431051557455 0.656244700849 -0.406389030113 0.167162047357 -0.08581281456 
-0.218546761089 -0.222332529611 0.297848172484 -0.203207098917 -0.0272610118586 0.24616543863 -0.247180011052 -0.016065450522 -0.338389046693 -0.0767982389111 -0.473627123028 0.168447650437 0.310129656746 0.557025158689 0.421556901046 0.112049365387 -0.0427571455271 0.39196081602 -0.1957664161 -0.10122092578 -0.0597512752114 -0.457315513839 -0.130225657169 -0.254578315417 -0.47579293434 -0.0380321809619 0.237725036331 -0.257855619458 -0.0908638095665 0.0100342345119 -0.312683844165 -0.00690949371242 -0.0748543717443 0.308933876805 -0.0394455543794 -0.682539766201 
-0.0706220318928 -0.56308389512 -0.0369785006328 -0.259990808039 0.387341317938 -0.263085481057 -0.0783531176468 0.302963562446 -0.592495282641 -0.27954196819 -0.212794775624 -0.417949342705 0.321314748951 -0.190240088388 -0.26798745307 -0.352477122058 0.229230921043 0.541520445576 0.00448939362083 -0.145156348346 -0.403170341471 -0.374356237832 0.115675953275 0.0737959308914 -0.212901363384 0.446828547311 0.623581464133 0.13016055944 0.191277950632 0.30860789898 0.192923432365 -0.338092406661 -0.212582423313 -0.0811440870647 -0.0717577813539 -0.308402449829 
-0.182023703949 0.180354961223 0.0968730481772 0.14806297064 -0.00379802945922 0.0938240241447 -0.377679279841 -0.256051418379 -0.0401449278117 0.444796534929 0.234720042853 -0.0665587310924 -0.139585599779 0.249016309179 0.00977093001301 -0.0519243487762 0.0485601754293 0.285147340554 0.345428977302 0.410320633186 0.312900796731 0.156555015174 0.134481448233 0.243927303968 0.150453268797 -0.0263687046619 -0.422466249584 -0.182540812039 0.0710466241391 -0.206680068175 0.119387661378 -0.0567479943151 0.102250253045 0.0303242002476 0.174977337908 -0.0211974804808 
-0.659006625581 -0.646918220414 0.335803001789 0.236368624376 -0.0555286468821 0.080762757398 -0.0214071640477 -0.35886946061 -0.150967325529 -0.212842417629 0.0543357456682 0.614536484396 -0.12831333083 -0.591350107428 0.613344787143 0.0651124513564 0.276105498793 0.279584284379 -0.106648101113 0.0460021468011 -0.0939173487954 0.0504097232341 0.557084965496 0.13683520656 0.1239179605 -0.104668910755 -0.300078642689 -0.429978808507 -0.305673819918 0.0136086261756 0.0675865775217 0.0880884173447 0.322531038714 0.759737073409 -0.182894613733 -0.183659805545 
-0.0408494875514 0.132042499032 0.245944907098 -0.300297799041 -0.0590227272433 -0.00845774758498 -0.2985395995 -0.0326403373985 0.246262446342 0.0569199833829 -0.283565682199 0.119265984982 0.0472800199559 -0.172031847496 -0.442007573523 0.0566063488585 0.243430167643 -0.0164668514823 -0.172110301047 0.0605669921568 -0.0412741545157 -0.580139171492 0.301200788644 -0.383742912823 0.420093340215 -0.452731167018 0.539367781726 -0.173872525788 0.124123009112 -0.327067372201 0.160963491236 0.0235916421829 0.619327734891 -0.21003596894 -0.112343079842 -0.00458386225988 
-0.123528216045 -0.133070867498 -0.131818639039 0.229203085003 -0.188619886238 -0.12199770355 -0.0628385794904 -0.381014061655 0.0259585564653 -0.00910017180514 0.141215758791 -0.1421884065 0.396110915403 0.0917130654638 -0.597654788067 -0.0933161807875 0.282765425205 -0.119853232277 -0.03226782611 -0.0763170864428 0.0461281582274 0.162936903966 0.54771565954 -0.270298884582 -0.147609311693 -0.578817111745 0.358393161378 -0.328314092602 -0.234845192191 0.116384973848 0.0284012378998 0.0426171433207 0.425460426589 -0.144437660004 0.162557737882 0.327641268571 
0.315929394937 -0.112931823478 0.316313731288 -0.0308344267126 0.324215120012 0.263795798262 -0.534035583093 -0.0766583902492 0.113255249156 0.569308918006 0.176169092576 0.00206137170367 0.00976926966333 -0.0669235524773 -0.583210660264 -0.107116192776 0.386963088203 0.742177806482 -0.254484576896 0.481101522436 0.291034048803 -0.160714140512 -0.0184447209262 0.130963873628 -0.00490520470716 -0.256795929307 0.214106563447 -0.231333556192 0.827080100097 -0.310818562607 0.322343142392 0.285991331483 -0.152050698236 0.118286460014 0.0441709086098 0.0148554760297 
0.257176511492 -0.235852404291 -0.182770869593 -0.0583145430136 -0.525413414122 0.345732734009 -0.103645705571 0.388561941689 0.120559837269 0.146689037918 -0.0932431099407 0.381599464959 -0.183413597107 -0.146941827436 0.0647009301214 0.329097305741 0.102081826371 -0.085786198558 0.24866969309 -0.406658192293 -0.117869180393 -0.491708819206 -0.151596791456 -0.0993225634761 -0.0842463010927 -0.316803242406 -0.582907363587 -0.192438441438 -0.436398894063 0.495524588829 -0.486203940075 -0.0655885387017 0.0223623037899 0.0944053126197 0.0378626312411 0.321547078239 
-0.165019632163 0.246240861748 0.142189745874 -0.134929285601 0.203256947174 -0.394144349098 -0.210133895301 -0.210107194857 0.761534295994 -0.0440532136841 -0.0977534190748 -0.00242665598425 0.452659229043 -0.202775920251 -0.0100037456406 -0.306760368051 -0.0353279076555 -0.567490355929 -0.0449092321342 -0.0339405948798 -0.0844318804558 0.267611745598 -0.134917005574 -0.315500548518 0.263252204223 -0.298621692946 0.605424538265 -0.10172501609 -0.168851344378 -0.507006404134 0.33357474835 0.467446103779 0.737458662987 -0.270399334027 0.0809802498635 0.018668404806 
0.247225679046 0.046338597965 -0.241614564914 -0.0701763473654 -0.494630854551 -0.435466109023 -0.170656797882 0.123488898776 -0.298152238949 -0.089293130346 0.238917992145 0.103934493641 -0.298993171369 -0.502304878042 -0.0900008447015 -0.10286019841 -0.0515661717229 0.0110620788248 0.231504492589 0.23198247265 0.335811435021 0.0157072466583 0.0406197614598 0.41066207714 0.471683056872 -0.220963970761 -0.12040377297 0.436574373207 0.253702389274 0.679003711973 0.095924501736 -0.228679669151 -0.485479324224 0.0871950120155 -0.181040149181 -0.176557748074 
0.139536197196 -0.219886093906 -0.0832010697443 0.258639364047 -0.20159073645 -0.224219020678 -0.103848209796 -0.476081972957 -0.28676600468 -0.00349303214328 -0.195087812137 0.0856029654601 -0.0439474936977 0.243114493031 0.310797050961 -0.395611125297 0.259853155389 0.100527972794 0.438596394519 0.0458648193711 0.566418537594 -0.150456768372 0.19232084075 0.188025232025 -0.442135582357 0.0982364033003 0.244702709822 -0.0540965011482 -0.158628485067 0.222081242421 -0.286839867204 0.0630535401538 0.223653982228 0.174801244303 0.239869292782 -0.259317769799 
* Weights of layer 3:
-0.294778357353 -0.122465456062 0.336731120566 -0.275506699836 -0.495905441656 0.917149506961 -0.841463769493 -0.144929259331 0.608676134931 -0.55325136005 0.0324624460139 0.875835816807 0.292182095247 -0.0850576732649 0.797262562798 0.570571258663 -0.847397655487 -0.113355572098 -0.908027691875 -0.892883198658 -0.509008784772 -0.17835534731 -0.267970332562 -0.00500445413041 -0.983165436705 0.517688645789 0.0708780366274 0.270345164879 0.930313228738 -0.165336001751 -0.729017645833 1.12656103824 0.22097096663 -0.906444496974 0.133056278394 -0.315709868798 
1.32577513397 0.0781027156329 1.06979584436 0.209740973147 0.463748292525 0.635674575328 0.486907327342 -0.454525694728 0.829939389747 0.149216723481 -0.0961917599805 -0.720416553198 -0.0485059366681 -0.389833910494 0.221422340343 0.418871395014 0.835623274503 -0.170565123037 -0.248224162126 -0.363503281424 1.22568543996 0.566798723678 0.767918116244 0.0543639110704 -0.285975310149 0.559420294329 0.0469428498791 -0.763027541655 0.469202593303 0.649113839852 0.210252640944 -0.820708453515 0.518024765215 0.761440253001 -1.22560346237 -0.398563022811 
-0.596888174427 0.459389196857 -0.598292552229 -0.559091028029 0.126931581413 -0.432317747545 -0.384893096168 0.902459223291 0.566687555203 -0.326315475637 -0.26748035611 0.51343426792 0.194526519029 -1.07831582371 0.692710863643 -0.881921933288 0.482033240585 0.436520738552 -0.215111418769 0.0811698839652 -0.200947492662 0.0632310932148 0.355109154772 -0.357912481226 0.121621773988 -1.12193546875 -0.867161993497 0.24624648236 -0.00227228517464 0.536359327165 0.499154576793 -0.63751090342 1.25193459146 -0.145708174571 0.482602497836 -0.256811403262 
-0.638849343301 0.293021750612 -0.235047567075 -0.179964796323 0.38258648434 0.228936178945 0.560565773266 -0.929547710901 -0.258244750921 -0.08884492663 -0.0947968153626 0.71082556861 -1.56818536658 0.248691677192 -0.365557200948 -0.966006683481 -0.198229570701 -0.618230668569 0.486367958816 0.887799809444 0.289678059215 0.438471676934 0.049191723721 1.37354403106 -1.35540728174 0.110684775089 -0.437980971487 -0.0697769537325 -1.20343709476 -0.405165132644 -0.577049559644 -0.742368044265 -0.177829361414 -0.0986900229322 0.633268588049 -0.163015073982 
0.810277794579 0.313498499297 0.041261053955 0.808029288006 -0.524725572653 -1.00668819096 -0.388508899021 -0.0272877442478 -0.15714363276 -0.183364944608 0.156692517275 0.429779858008 0.687693128088 -0.855976247878 -0.913514964025 0.0604230222779 -0.370737518111 -1.08588322127 0.275361558689 0.415439194749 0.00241024531586 -0.234241159779 -0.138975847984 -0.190177286907 0.667714471542 0.657621362361 0.395337122068 0.605215226809 -0.184073530132 0.201445708059 0.259815394077 0.177787578746 0.760869696121 -0.934660634339 -0.457323783141 0.920777169965 
0.0589188197673 -1.27281254065 0.00238089194458 -0.0874211480938 0.888558521167 -0.164408300121 -0.839051429317 0.246939994805 -0.518959812995 1.18977062909 0.864181137019 -0.641870672133 0.0684391045476 0.631300574179 -0.920969511623 -0.507926848623 -0.898812096802 0.764970572934 -0.182165964315 -0.621823785277 -0.0720866578405 0.326856389663 0.867508921703 -0.209295662688 -0.0280237387118 0.000485736148011 1.14546508214 -0.176719920467 -0.716037820571 0.0423302633383 -0.502392417523 -0.140384155555 -0.435747606066 -0.484295388956 0.243590772597 -0.913155923067 
0.690486579927 -0.0013346083081 -0.35898821944 -0.811531389071 -1.11946947147 -0.407765538005 0.4749648156 -0.0527236250168 0.380487081071 0.841835154676 0.607554745839 -0.32080831032 0.389673352275 0.294632925233 0.113017841461 1.02431823317 0.168747964853 1.31991285188 0.0224598561201 0.0626019660273 0.208050607796 -0.59041748988 -0.919570698857 -0.159827215694 0.644700098745 -0.512668409753 -0.277890358206 0.783044350333 0.174558621152 -0.508438829625 0.0934212815178 -0.65483819286 -0.611634063167 -0.119090237734 -0.324521302435 -0.00783219575436 
-0.2827172277 -0.0403825794197 0.408163943219 0.237102327178 0.795988213332 0.379143205237 0.503858535319 0.491372443415 -1.19276138773 -0.576894581743 0.0822104154603 -0.269649683401 0.379784664913 -0.00440785144062 0.448773432298 0.272887840999 0.135487580828 -0.0122236717875 -0.529983073029 0.511702928325 -0.650694937265 -1.19481098778 -0.124402573849 0.833963490226 -0.232246992459 -0.278312955322 -0.407836075456 0.410688468284 -0.229484556269 1.09457645931 0.732290200823 1.1793683463 -0.830860279721 1.34881862802 -0.0466309637421 0.118558766676 
-0.781463479408 0.176803910292 0.341893126507 0.596778524323 -0.536722532063 -0.547430473668 0.0797509529745 -0.456757519298 0.340682135996 -0.133519944014 -1.43990318711 -0.511527185911 -0.380576916912 0.826148770944 -0.116945297479 0.274235845807 0.597930046711 0.287096244468 0.562856568223 -0.663446209054 -0.445933537275 0.139581337415 -0.405037517688 -0.746037304691 -0.127795926626 0.315012518227 0.647141751891 -0.283506301284 0.608305526807 -0.23581591855 0.668661157782 -0.642658246242 0.26412153089 0.0549041313535 0.83216815399 0.964438953495 
0.181245308812 0.547490485612 0.0659209473194 -0.383941268622 -0.114563125703 -0.233640494535 0.427439069907 0.122488273614 0.433650268747 0.178797039621 -0.396292722991 -0.473555551071 0.253712869764 -0.130065143686 -0.374012031774 0.00351085763802 -0.555361701051 -0.312847322898 -0.17500581035 -0.391498378971 -0.26895155418 0.0585126579919 -0.399384547547 0.171762628318 -0.378850482992 -0.518704118877 0.452782744877 0.086214592205 -0.531146598532 0.329960527213 0.170557351718 -0.116324217448 -0.185221005728 -0.392442594568 -0.397786785066 -0.0891418866717 
