Nl 4
18 36 36 10 
I T T M 
0.0 0.0 0.0 0.0 0.0 0.0 0.0 0.0 0.0 0.0 0.0 0.0 0.0 0.0 0.0 0.0 0.0 0.0 0.0 0.0 0.0 0.0 0.0 0.0 0.0 0.0 0.0 0.0 0.0 0.0 0.0 0.0 0.0 0.0 0.0 0.0 
0.0 0.0 0.0 0.0 0.0 0.0 0.0 0.0 0.0 0.0 0.0 0.0 0.0 0.0 0.0 0.0 0.0 0.0 0.0 0.0 0.0 0.0 0.0 0.0 0.0 0.0 0.0 0.0 0.0 0.0 0.0 0.0 0.0 0.0 0.0 0.0 
0.0 0.0 0.0 0.0 0.0 0.0 0.0 0.0 0.0 0.0 
0.29756672000352713 0.256321735091456 -0.07481164378865728 0.013064157162439041 -0.08889124414665121 -0.13008348464470396 0.10071687582478638 0.045037568046867614 0.19830626834578405 -0.07413372788871413 0.5512082982279972 -0.24061287108470092 -0.2565436435290784 0.20899578209080402 0.33488869329738435 -0.03419734274880655 -0.07062716567172199 -0.1897325230986078 
0.1468098656009361 0.007237320116885941 -0.08156136132281272 -0.26454800169169873 0.25104912921422856 0.2068068710632952 -0.015466134570956355 -0.14134485982760064 0.09112760930132463 0.035535363067879085 0.14151190495109175 0.03992155848444694 0.09623567932502684 -0.14153606917283731 -0.1894116991286494 -0.16111609649245598 0.20640632932242645 0.03629434523091813 
-0.13778878829889002 -0.009221684297869214 -0.21967811060949527 0.025375782526140686 -0.025940412255687537 0.01751541472577562 0.20850644278370106 -0.11487884822515372 -0.16766616267885295 -0.17239609132537032 -0.02927813890566258 0.1838378475517527 -0.022634639640148776 0.09413497092045113 -0.2166607154726118 -0.05995954401199061 -0.11990931497519862 0.23632222295415112 
-0.2905411555282677 -0.13908344095388125 0.17705682742479842 -0.17618740593372564 0.10481673793223749 0.022824510690490296 0.07281112476929394 -0.17168081563880455 0.25251888315728394 0.09773536650132965 -0.047408375603338854 -0.3481187851246227 -0.0504109085447934 0.324900654517266 0.09736325115342342 0.05176262636516981 -0.1488321539170673 -0.030266603455536445 
0.011265195442865137 -0.19871592662098692 0.6006810898888119 0.09728892988889593 -0.020459134524534465 0.2171377580978054 0.11371861368864368 0.17345179107217845 0.4023674644407072 -0.16272670077687892 0.280676321441911 0.18010986900645518 -0.10296592427241892 -0.010478443962715446 0.0146329357645195 -0.3071505983195505 0.15467396538703201 -0.002255665806585138 
-0.4233244483030209 -0.06136314741930833 -0.17571342077836016 0.3187987305532449 -0.4039799988817672 -0.10200879974398468 0.08679200443286504 0.11873895402621946 0.25794694155187287 0.30021261462367177 -0.16456496377181354 -0.22674797440210892 0.11517475950725602 0.010848628292317109 -0.19000269933673217 0.028577335902680034 0.25988789287737846 0.08526316816935087 
0.13272205594600667 -0.019866469054540644 0.0684824315780523 -0.04613840071179789 -0.02171900980105521 -0.05813301047337118 -0.04862441654779923 0.39511863095299443 -0.20262418330614715 -0.05321820313907719 -0.42577898300760625 -0.12198979256891357 -0.2846694118612327 0.43107867799382743 -0.1212698494692618 -0.14060844605495484 0.04646552959898471 -0.26319257998951506 
-0.004529648555072003 0.1538336079260473 0.2313787476276296 -0.3728623906189817 0.07708050937687574 0.00542533938954179 0.25246913093131096 -0.07934920646747397 -0.11991348470896426 -0.34327009255048013 -0.11073609181955951 -0.2857843167220234 -0.10291714026394853 -0.09414918613188807 -0.32940338611295406 0.14556521446743945 0.028917154491722104 -0.13303958357724618 
0.06836345585740614 -0.493279180108855 0.08596585110533786 0.182605848076492 -0.09542313492607207 0.2765241089421824 -0.2897079739769536 -0.4143057149491843 0.1862024987310008 -0.12024279471799969 -0.30492173910522263 -0.2018026221328008 0.06681138868788654 0.2999775153432999 0.18720374613294274 0.14657986940970824 -0.011261500113625988 -0.2981529309652661 
-0.02766086198382661 0.20943616593566639 -0.2679901957344143 0.0668366696942652 -0.10511459255134115 0.10734393689430753 0.06604645102765977 -0.3141216821801573 0.011430867228418433 -0.21629116554490652 0.014350148046220375 -0.061008624636537445 0.15230237867523214 -0.1344709066264816 0.2623880866016518 0.09645360914748895 -0.13454926085869712 0.09916210962270612 
0.09017915595697437 0.21116609617048962 -0.11414597228251357 0.17677606240865051 -0.1919430732437428 -0.2378333577383741 -0.044590554353356175 -0.010091955880107814 0.006554898453040263 -0.19056714453772558 -0.018419485862135515 -0.2133871940051163 0.11048352882839514 -0.2683015155225625 -0.24866249917687125 0.0453987799893474 -0.42732394866462386 -0.0290492036125424 
-0.3355727359097652 0.010553222023684253 -0.08734234579883289 0.021234248389407948 -0.04889418081882356 0.19439871603261918 0.07439152160714872 0.33960176055339364 -0.046574829583898414 -0.1538957240647653 0.19950410558541296 -0.08813125507382401 0.2560120436908951 0.4005083358994329 0.12019327856027164 0.1611985670289858 0.19075564877780665 -0.028142263452879797 
-0.1114940696843475 0.19899048360751453 0.17791773542112607 0.0607527534355236 -0.046414983227348564 -0.056187575734246965 0.21334444901879102 0.11504674772626135 -0.05321341546077238 0.2836798449893143 -0.17129236582469878 -0.23072938271719534 -0.035506005617675127 -0.0038516425876870155 0.013552083213056442 -0.3282486166332867 -0.013758119910693714 0.22761827998613038 
0.08661241806670797 0.21308251670151515 -0.08221562311892407 0.02944304816065888 -0.31064662982255176 0.03416686331616167 -0.002021117431717675 0.08657062455690573 0.3352058626080512 0.13620378425591348 0.18574809867135722 0.10747720760050433 -0.1978325537377243 0.030708460358512785 0.27638242285295783 -0.12879663413844453 0.013206589002384393 -0.06588278476032094 
0.17094895880320465 -0.0022417435477211528 0.2234908291400889 -0.08672116682685109 -0.12035151440440492 0.48185660162689936 -0.13752044391536156 -0.18053808068888322 0.02288220371732214 -0.01365752496954966 -0.14228925130778047 0.0010860756151788676 -0.24193879569846852 0.22754267311998116 0.07005846397785433 -0.08348957187958851 0.5535151979181102 -0.21840682230562214 
-0.1520172738457903 -0.018535764362407805 -0.15155889986207083 -0.215628230783231 0.042414400781402885 0.313517358954134 0.2506215757845702 0.014043019919800932 0.3514118502841607 -0.2559872409766339 0.13337530117774615 0.07224484190808136 0.3863397203661532 -0.174803504384722 0.30881996497066283 -0.18611516284342625 0.2371619710474374 0.26500866885859514 
0.06294171626560675 0.16155913875293196 0.2151442318749052 0.3180666777719229 0.15003715550716223 0.3185373613091652 -0.08348003578381274 0.1957951575726335 -0.17815232177794862 0.00240485493144662 -0.03084075346182418 0.010807286151412274 0.05951020914878505 0.032068531168652686 0.1679962847672096 0.1490966964759401 -0.2721109386922529 0.014596937546670087 
0.10160068756650442 0.17938875818885447 0.41854635660738815 -0.19434037182338576 -0.2307346461038323 -0.0352182586631 0.2336584566554397 -0.18016804147741497 -0.006954960608702897 -0.35149564568310504 0.29117504484187756 0.2744039654455597 0.27778952471259977 -0.14064931683273718 0.07927301705380174 -0.11852888326238992 0.06929812548630282 0.3436958899012954 
0.36334483063725914 0.23066004200223408 -0.23375155670764747 -0.2500051239970594 -0.11490293418660304 0.27874257116686957 0.04462617337745167 0.19593842895500524 0.03890307957837494 0.17408944232208162 0.20994050817447735 0.06274429531640331 -0.09546183962773394 -0.20165163491956437 0.24722009106554393 0.053661877820109324 -0.1612445494054789 -0.014619762658071227 
0.007896881554354451 0.3820630530037396 -0.07715779257041111 0.1244009927126894 0.11438758615568849 -0.1364208136121354 0.035062497784281825 -0.19994188632412463 -0.061162812356318326 -0.05931936677783768 0.02374435541255505 -0.09078881714501572 -0.07855523587639095 -0.3712006476903997 0.079089346930652 0.09292333090066633 0.025191047182252263 0.12382072807152619 
0.20323645796604503 0.27242076429881423 -0.04535272872809592 -0.03743321396878761 -0.06975861592301823 0.012992304954000663 -0.0007345470322542297 -0.0167891454322287 0.17789228346475996 -0.18402400089257542 0.03707103113781108 0.2794443650673539 -0.11891404148086283 -0.32438918452480164 0.2805227091895536 0.1021987527410684 0.18713764272017536 -0.2524825450462089 
0.02000755908892639 -0.13882363700584102 0.10408627246808871 0.10565531711095262 0.13713183093466647 -0.08096796268755001 -0.04450928653376278 0.05538273059090234 -0.023807499015698005 0.20045029165209877 0.09814338019513971 0.15084476565471533 -0.26228222257454276 0.19718352951933651 0.04309648567212745 -0.34008345717335225 0.03876269328395529 0.0062987592047929995 
0.19105028134045066 -0.07784494837708052 0.058128189740288605 -0.06876563072172626 -0.12462921132940279 -0.33634238171093617 -0.0017180941133951315 -0.2181820684576956 -0.4279108970986496 0.14392437696559102 0.13162869963026486 -0.6163417234445009 -0.10257349796388306 -0.30043019975321744 -0.2465637325195696 0.01772021176380003 -0.2445600108534311 -0.13926732652676993 
-0.015530891520943151 -0.13764192975625025 -0.15783676119510553 0.03906567984905023 -0.03916209924399186 -0.2612991916138495 0.3507317436184409 -0.25887660526062817 -0.23552214194675286 0.08204549013223009 -0.024527491840171712 -0.0365227562625038 0.2993240750383544 0.10564234209448504 -0.155662700230508 -0.3676404716060784 0.14580691041400387 0.0716541867564151 
0.11473779307307394 -0.22130031875556272 -0.07644601550606188 0.07392350749713682 -0.05815059941067656 -0.0273620827635047 0.22554996474527156 -0.1241988622187024 -0.18578832133580475 -0.463511602976571 0.09622484871251887 -0.04207806209939838 0.1427561448806389 -0.18805538519644244 -0.3178197644657074 0.07279166184102828 0.06501889690874153 0.2001498843421676 
-0.015403803303221657 -0.21018722658941746 0.3771390253320741 -0.33390029819633316 -0.23118399314823573 -0.15756964161970877 -0.3592767578244104 0.2829320729499549 -0.1887005389009428 -0.16564480515108282 -0.09476209623368677 0.17028786732597426 -0.30030722517739294 0.09404173456886819 -0.01205148646133672 -0.19772057026756648 -0.14313792282621246 -0.015177339158155983 
0.12310376111233162 0.23758797345199711 0.3756249065415787 -0.17822310263884003 0.03950656375939623 -0.024183579647849375 0.12558498760100778 -0.048700991107417484 -0.18826611409170582 0.40928045844030064 -0.4176917666189023 -0.2993359523771871 0.16866145279837616 0.06253831418106262 -0.26684203807607193 -0.10277993676957134 -0.15608237338298217 -0.060922881688316 
0.22694208861058096 0.24784732656848987 -0.08492733271768646 -0.057431512345751876 0.03978181372029059 -0.12400572035543055 -0.3488779604498651 0.004924759020612942 -0.07403874314938207 0.20471401956519536 0.17048252107166065 0.004926715635741254 -0.1778096580233277 0.21128591597029314 -0.16425638924384564 0.3275817453740751 0.22444436705598567 0.1128684058072308 
-0.0005878457746219687 0.15556408605801852 -0.08292333103538761 -0.23645598099353735 -0.10324439034025475 -0.23124548031166162 -0.00914221371375569 0.0634672230457626 0.12238943951898221 0.08799827500551168 0.5129011772655507 0.00011974567306945034 -0.08003975769051862 0.3338276856414569 -0.010228526354250232 0.3198728803424177 -0.2855568177533861 0.11050113481519412 
-0.016883200556985743 0.2215296673614663 -0.41731784002405314 0.06335202414427911 -0.08113783095880515 0.20003806791370338 0.14214447589804288 0.22665057060377755 -0.10380208918997649 0.28933106932519304 0.0924763731026278 -0.18208241525800156 -0.09244463245917071 -0.017352471691156165 0.09420303129568429 -0.07512424858291458 0.13227478927709166 -0.417416319327321 
-0.0904738267227231 -0.1270056093760773 -0.009346225288640441 0.18798416343320057 -0.12258870241892912 0.13590497124640763 -0.2365642227604656 -0.18857561467118225 -0.15529131190425244 0.07655756522025821 0.3047719212862234 -0.028871630144649323 -0.2914621113365619 0.2698721375496231 0.07808893692536384 -0.02937617139462508 0.03460730273172199 0.05989827954799803 
-0.09334482218705252 -0.13848396778000857 -0.042745632126505284 0.025446727596994467 0.006006380631571928 0.19019729583062334 -0.052400732681392566 -0.16728771570805526 0.19707231526763072 -0.22896557115246247 -0.05069616448961615 0.16955083514862318 0.07020928808247238 -0.010346547310413415 0.1108738214196233 0.30998198742845356 -0.4420347723541545 -0.045219139858326464 
0.18715601351086597 -0.13951242579092715 -0.18813683173491244 0.1138007554440828 0.08463572690655659 -0.004992835554385974 -0.10091425779781314 -0.07603715339070727 -0.22812501921395947 0.09693336639536664 0.2699173634306611 -0.10941719547224113 0.38766260346635867 0.29810636964214743 0.3834146869198965 0.17804908495460728 -0.2757693646692752 -0.04369396079117888 
-0.28070598655921997 0.038453619406055205 -0.12329779607603485 0.10253178750135857 0.0862106092860709 -0.3293817645487496 0.2823266439173286 0.09117190211673762 -0.0030229582798912925 -0.09298408202736351 0.20037829327968104 -0.16819063026599312 -0.09495661576666871 0.005249494372882102 -0.05405541488304631 -0.3097103796043372 0.13236925628806445 -0.38176666397288117 
-0.06589777508213904 0.08179162824992083 0.212827793424036 0.29728917060136123 -0.20431166232085202 0.07700132217152554 -0.24633633294743806 -0.12275597668146405 -0.01112370371139598 -0.2906187246486766 0.3518142302434461 0.12513575012807654 0.05657152287058879 0.5038985027230912 0.14270550915929653 0.20074958375616334 -0.03832035051711658 -0.040555889932730974 
0.02064575319138292 -0.19683792926710425 0.0013812500668922757 0.13170059024117178 -0.03058251482815706 0.07465606502215102 0.11734600901856077 0.2109063183904018 0.21190684140475047 0.13858050289537005 0.00962133700777041 -0.09731904776246682 0.22121183154984098 -0.005946586729526481 -0.22031866051796828 0.3684844133806357 -0.47484424936446556 -4.500322256689728e-06 
-0.2250143662891644 -0.017057644298657512 0.18492100987190596 -0.2251772797495443 0.13194150129294577 0.14337317946563322 0.22726156193732674 0.41624440249271727 0.011570314270475071 0.10847627847403987 -0.4472910812113192 0.1208662136554711 0.019483459072793145 0.07487261367803161 -0.28528446931141604 0.011813524054830467 0.22221788194559272 -0.03772701078242913 0.16584588810081569 -0.014514115303623301 0.2903698674681886 0.13961166778608058 -0.006252245904321196 -0.133645640076406 -0.06129121926221874 0.015869399284006692 -0.053595495827263334 -0.2590675613520174 -0.13057173889697818 -0.10922982273021334 -0.025223917867643844 -0.21147405280204348 -0.14713122321040933 -0.13821706215298574 -0.1655686214510672 -0.22711247133456458 
-0.10901984228785785 -0.07309783566016205 0.209893703742173 -0.2102149508113014 0.1741242346810929 0.10117192174807851 -0.0528721422224053 0.04889119692026217 0.10314196343302008 0.37802697092757165 0.37449185588852674 -0.04636436151454994 -0.11084365583452241 -0.3796417554335214 0.08854877947990536 -0.07417996556768452 0.11249963296754491 -0.13093746198859962 0.17377679938374693 -0.00011787770196802312 0.05396903175392801 0.0842718609513731 -0.18117510398950076 0.05996735448245574 0.33828062092309136 -0.17005372581348516 -0.11771370350289784 -0.05390919053099494 0.104917542713446 -0.05864756980313206 -0.2720345354937077 0.18063031785265876 -0.07736745975461973 -0.21977675856060147 -0.03764024651226704 0.05167518239963726 
-0.03582006681091538 -0.11650802259339574 -0.10708748235280621 -0.010877277986342661 -0.22495343725918004 -0.208973366433344 0.07344429557941701 0.05668992010106023 0.1589204371622593 -0.03502816486345947 -0.23871671120019394 0.10056368184548786 0.10122085237208467 -0.0347200446401498 -0.07224646097781483 -0.004647342504016905 -0.1582964197878998 -0.008912645289204723 -0.08838097653485628 0.08173216980839593 -0.1634669846203043 -0.0379361777982449 -0.17855875416580663 -0.2720371742168537 -0.16954024429439699 -0.20111196315471946 0.0582220776316051 0.09097323984239149 -0.08425814073767077 0.2149310722920002 0.0954823306990161 0.10082471425294971 -0.08370042351507635 0.1110215830895966 -0.05641562587177333 0.022143540650255134 
-0.1485145719926175 -0.11358500191514684 0.18153523116695108 0.023938857912893956 0.12070975237089035 -0.018960936804545296 -0.07860146128361341 -0.32201365251281655 -0.06097295211298115 -0.0020608716161335935 -0.1078239374782568 -0.07236826173933808 -0.08793320493896986 0.056756557500124524 -0.04904772740449377 0.16079856848305962 0.024541710161612818 0.290520946963798 0.2996418821958834 -0.13741508951100617 0.12312246531287416 0.03688840921399739 0.03629305496886083 -0.11849840749895038 0.12620733013981103 -0.005535802784585411 0.7257589831607831 -0.42449184659839606 0.16710742224557756 0.05768163315527925 -0.22725916877172564 -0.3662025490713915 -0.15933546932347348 0.01431095556715999 -0.0671508507969423 -0.06281721842659838 
0.028078892051417715 -0.25140030933165547 0.0643864103704583 -0.008013014161021017 -0.22762739987762662 0.06154415781233708 -0.02579633692551706 0.07302084432295991 -0.018919920167008983 -0.018438887583777604 0.07780216762231454 0.3153244595626898 0.06746035094037367 0.09248600077979169 -0.11162495338194411 0.04891788861276258 -0.1273961179222216 -0.09838549534357578 -0.1094353010441212 0.03679854947698747 0.16038156539292972 0.1140089435564058 -0.18259965365755704 -0.13629278973485348 0.05927407761450014 -0.25424678765641545 0.20333693223629903 0.10654497229628053 0.19275629586361634 -0.05355942359779642 0.16713232395052252 -0.3748814666352974 -0.16347255318842557 0.07334157754749637 -0.1173088222276177 -0.05973309870643687 
-0.01728803103362556 -0.16759037599198345 0.0561432313210493 0.16822783980974448 0.13483288293482967 0.04402335457747428 -0.01941383196270139 0.05443383293964171 0.10417242797984566 0.10540844713882058 -0.2686392771553904 0.013166665496858888 -0.32364025293730625 0.10904040472432996 0.04250526383865792 0.2893516236432646 -0.17799515280632439 -0.20917020591259017 -0.2291202833096834 -0.09523057520151018 0.12485486665091514 0.42240545245788647 -0.0555119152212875 0.09193349764918254 0.020646965041447717 -0.16836833581896596 0.11659378809147378 -0.19628305263578574 0.14587991756532515 0.14427727054168152 0.2673320080997907 0.19876740141939458 -0.10435946193495405 0.05817851330678449 -0.08066928704196369 0.04236575805786055 
0.07970061443569612 -0.0011176003353596015 0.025028369041186275 -0.10875884424666372 0.20837607561449023 -0.023281187549871213 -0.031457252670484756 -0.0058152660944873385 0.027599418771995822 -0.0020142332040969054 0.12397164609543089 -0.0522728520315945 0.43806787390453306 0.010171526453576581 -0.21545707095739502 -0.13041106531210764 0.19523888924497063 -0.09888525607723149 -0.1072276481602488 -0.11241680756287242 0.16565243040165376 0.20126396413522843 -0.023910013754347457 -0.12976381132140274 -0.14985892079587115 0.24002427025005374 0.1850359008996728 0.24951561276478731 -0.12007989645904328 0.07060707650730579 -0.010811970839777276 0.1526158659855529 0.29289658505780025 -0.20747893245277205 0.038580472242201035 -0.09233993813539088 
0.13689034196638897 -0.00365083447598113 0.15115862452687112 0.21097992556620626 -0.16526880933963362 -0.05359892596422425 -0.03615440486609851 -0.15411012390052897 0.13494253647015414 0.020666129170773415 -0.013418570586754684 -0.10697039079530196 -0.006303254814041901 0.038293870175430844 -0.44367866169740694 -0.10195574927874251 0.02926051892713924 -0.16172964104828375 -0.0374303910077098 0.32546924605156813 0.18073074695692662 -0.09670897256674565 0.2110671301306682 -0.027030543560365022 -0.14375418661485517 -0.19511711524843012 0.06727637391718677 -0.015183921370621018 0.1485176986369504 0.08743091347379209 0.03962631188573162 -0.08185594748352264 0.03696341379499604 -0.010243010910072303 -0.030875969275602246 -0.0177840918862193 
0.1576043165682775 0.003776957164002166 0.10462501151403081 0.2293509360139621 0.17074206579973128 -0.14219559863402853 0.03280824447286153 0.07370480116254205 -0.046047005810741615 0.13967308295794345 -0.10555274711006854 0.23998043416920695 0.04647311303366101 0.2914090011953979 0.11045466476577637 0.16764292035139172 0.12848207672201437 0.19483607081644527 0.06586784512514546 0.11589031873144953 0.16641988516421558 -0.2746381533617094 -0.1365635163649902 0.18802827699838637 0.027672437320062974 -0.06605461956017476 -0.06811618884204118 -0.21761612352317564 0.03302330915960612 -0.3870920304900296 0.16917184674446342 -0.20453082619502652 -0.20754057016197236 0.1458069352476563 0.07225551040638467 0.01590445456203483 
0.15869911916922574 0.12282234949813899 -0.1809573902690427 -0.23616154519704124 0.07539210344427845 -0.31241241323330726 0.2413129347764299 -0.1683832005298207 0.09169256056131371 -0.024515671889192417 0.1438462906570702 0.044621363983163555 -0.1339206766723889 0.19973022861992776 0.25275534589514775 -0.14418387590488413 -0.16766718907966954 0.1527052277223623 -0.1216036217712946 -0.06423438937619037 -0.0825611357568935 0.022147668089223516 -0.11816929230191797 0.22485202794980533 0.10226602485252645 0.07505700528795355 0.12864066406584418 0.17400144839578016 -0.0919927765733853 0.14077841367407834 0.2619287161419891 -0.2025497292966072 -0.13658361755093157 -0.07506603596782566 -0.2551213494009831 0.0001326308265060206 
0.2009145441671775 -0.05166806635296822 -0.2215838131498663 -0.015424063232925667 -0.17515536096175094 0.23273828763006627 0.018459840021813046 0.2032192752855824 0.004075179725512935 0.18290166573711777 0.06265579480635852 -0.05202908646401487 0.079172432596762 0.1294909607047415 0.03839430653922048 -0.033521257968842394 0.08019131444010986 0.051219484246783784 -0.1683621095294962 -0.11146618570854924 0.018092462615547426 -0.1758228137264517 -0.158141377857634 -0.2085106132558996 -0.16541409318152805 0.1589294979572607 -0.28102258544362557 0.12658706235891307 0.1026682027804319 -0.27174185919088034 -0.02755448050624785 -0.10083347692684 0.15372860830880286 -0.613092351341425 0.06332051783172087 -0.13067549944260476 
0.17509509503509824 0.09478187756871498 0.06924216202042643 -0.07552198908554916 -0.05555480950215724 -0.4104596134495475 0.00811832289350775 0.4066621745802882 -0.31589527129691314 0.24899436510010503 -0.1025416913558706 -0.23347801514324595 -0.07167650052202379 0.04839560831405313 0.07964595642366804 0.11325097898549072 0.2322376143823882 0.2589324687643651 0.09007660011685312 -0.30340353038119894 0.3028476117304982 0.1490280783690805 -0.22564598681964193 0.02456286098684301 0.06650157968919529 -0.11720415146590063 -0.30201588766497 -0.18637771524167482 -0.0815901282323788 0.028063749162513224 -0.02799707885687293 0.08807875264743126 -0.06475305780763693 0.14540184239790727 -0.24233348024980084 -0.011786880451130733 
0.11210039327796975 -0.3746431128678594 -0.2213813854394107 0.05298954249690252 -0.0054800863066439 -0.027833365667573724 0.0661815939762533 0.04107815627920506 0.25174267541861634 -0.18503873719411412 -0.08194899923130848 -0.173536530933258 -0.24564305546407197 0.20593580264711978 -0.021709001184672116 -0.06892835114229039 -0.022823203691883197 -0.09504182695738495 0.037632709579335566 -0.068938602300205 -0.028578019625834505 -0.06858825051735566 0.04623416441427222 -0.16494534759864735 -0.03946847984973335 -0.006898629710928108 -0.14053580592863818 -0.0969254033313092 -0.027104411881307966 -0.06366919312757255 -0.007847328034924767 -0.1933442357941887 0.11031619108541993 0.1262750250494391 0.19215905944117145 0.31512711194892273 
-0.538513481200525 0.0035063980700138692 -0.32968297734273067 0.0753723298115411 -0.07618863239082779 -0.16983797537462286 0.17460466365080687 -0.14407438586867727 -0.2706923722057507 -0.03221041834997343 -0.04628575452220153 -0.01815422858017506 0.01665933353989589 -0.16730474967349251 -0.1603451325047005 -0.028209563797273865 0.022257478008092718 0.07786759768669561 0.10058778577649266 0.3421881197417944 -0.06833083602670029 -0.008647844238734478 0.00597109636855396 0.02323279401430784 0.10504993183485352 0.25179247935775256 0.13678364350325262 -0.10028916727396023 0.2846423343972585 -0.12118053764624334 -0.0160896913640604 0.010807497661963927 0.002218876941815634 0.07635760013174639 0.17793365239580855 -0.2608091386785689 
0.39270588217117885 0.14052631628550796 0.014559804212106547 0.40115254991253957 0.05861067464379963 0.1353534798523804 0.36114488298824043 0.18657792878776414 0.4347717167048075 -0.0526918135024767 -0.059896147600974316 0.00015010918317122032 0.061372079689410275 -0.14069806576805982 -0.19459226971097365 0.0033186312485238775 0.37466442954315526 0.3341787870243764 0.14723534527031257 0.12305650266600661 -0.28543365896818557 0.12777407357538745 0.11328866579676716 0.1435265557205775 0.08914842222660399 -0.23905692684708924 0.17286595006068328 -0.20882079886213983 -0.11293770465747206 -0.032260005457158125 -0.0339298225734405 -0.2753597864960594 -0.0842702296225965 0.21213111495657616 -0.03607543578479399 0.07215716415016031 
-0.645183092774678 0.03665902980071069 0.08453068551709175 -0.2105736380336946 -0.10184585018725013 0.14558528577020974 0.13537374540369326 -0.15106668703562698 -0.15217607272586833 0.21763433966556378 0.18349992709212715 0.1693249779160473 -0.21491832224702656 -0.12134173321810235 -0.31863308462958106 -0.5590732729483654 0.08124918987575719 -0.17539565495961376 0.15425914129734664 0.032052917154395344 0.18152119777001735 0.3753961188790135 -0.020539919030859357 0.023390990414911085 -0.02454493576792126 0.0548119394472389 -0.05096185748368266 -0.18350878461787695 0.18784397962304436 -0.1542445401604905 -0.23073276959419625 -0.10029460345777044 0.231858072553984 -0.004137193428797904 0.02409714997275539 -0.01864960646822429 
-0.1336553814259178 -0.021038668644036168 -0.341174154533611 0.3632924474712369 0.08875485012317968 0.16821240269970517 0.006751451626280915 -0.012288997664721447 0.036184059065272514 -0.17707110694155564 -0.30570491604176386 -0.2721505983089211 0.15126460968240601 0.009311474847789904 -0.08984533087203858 -0.04434797601755139 -0.11952443145050004 -0.08250505657820709 0.10630314206373878 -0.24221051952442985 -0.0944870552697272 -0.17534455900423218 0.028612496045592406 -0.27465233858749427 0.04036346085602495 -0.18967252188246445 0.131093044413814 -0.1421170097049792 -0.18065684883963876 0.10057570116655391 -0.08176572371783528 -0.0075849769850656 0.26949385387990554 0.24910264220946565 0.05079260138330361 -0.2726126256883462 
-0.20307849914002973 0.0857119397465772 -0.1421930821807902 0.22337286052338062 0.007319323550355222 0.34600711523765526 0.13610872673198518 0.2111066666004232 0.252095979851281 -0.12533192612178762 0.054147940619572434 -0.39479934631923724 -0.11099364115176205 -0.12439840867146898 -0.14256279819769685 -0.09695802624657443 0.053870838734463446 0.2274591404382778 -0.17158415056763568 0.2880449449596537 0.04614968011003124 0.07752790949646327 -0.07789856029385743 0.037455923152833796 0.29317251105825515 0.2287965246249511 -0.3411335551398163 -0.022360022010179077 0.03830555245910677 0.062371415207446726 0.30269196924304786 0.24122944607444868 0.026855171356181935 0.06251829856199259 -0.1101476236779396 0.04551159180906531 
-0.1948711965148281 -0.09155428160501773 0.11912616105244497 -0.05416550903638948 -0.08262432088083368 -0.13047455722887463 -0.1407870979472396 -0.0806371808139088 -0.08176274726416649 -0.08587865166020262 0.058155145847321295 -0.08336019507168668 0.1201864581406228 0.04733700977840721 -0.05005960716057575 0.09650617086111131 0.02329958398561827 -0.07951500226176159 0.021500166918475005 -0.0038253130253900675 0.0005531992461740414 -0.0004765542701433656 0.4398207105589629 0.24694171010320312 0.01282636284039795 -0.15208582652799013 0.1358931987181064 0.28040470190198646 0.05578099439270227 0.1754443970905873 -0.03719019376269224 -0.02975667178629829 -0.1446731919245976 -0.316128362723074 0.020827440101860377 -0.16791736146546965 
0.0067931578621729695 0.23265406755853557 0.1329974430404414 0.06085935585193797 0.0023443932883224945 0.29431348792082557 0.1297326396638685 -0.0022100030399000497 -0.013653584798245126 0.2190132976750911 -0.3158624743185794 -0.1666977199885432 -0.20281905127543134 -0.2952049837835543 -0.0432227153200453 0.047071233149957044 0.009361833685192337 -0.13673782302393822 0.2482912345131562 0.2370234419570138 0.29225931861577836 0.049022132053249165 0.23582106542700224 -0.050383237522200815 -0.1975171113030234 -0.10516838478905244 -0.025395639777214 0.077084814952593 0.026173057315230883 -0.07017655905909352 0.24709709170063637 -0.07805087380545073 0.2768305707558042 -0.4486770583989537 0.19562059692976622 -0.14560659834863043 
0.03306554453583794 0.02442650781014717 0.03299491401768998 -0.025678569896725324 0.18493001686578658 -0.028862240542191237 0.44333213214004175 0.11755705569983035 0.07184912602542698 -0.05988729496293871 -0.22382516971062574 0.03921356100484312 0.05798642580897776 0.11143193431054678 0.06828954246492419 0.05268824679645171 -0.1219628807712549 -0.061441491229254616 -0.08317946529989059 0.04962086031123199 -0.2994311214364051 -0.02042761812235468 -0.06254391676927751 -0.14951830773258132 -0.11070177731213372 -0.0727540881043813 -0.16084447533944826 -0.18697096457940543 0.25717129321328774 0.11181836696676212 -0.1495449280931046 0.25336761222668963 -0.02710126519834018 -0.23166170072998427 0.08095774276775028 -0.47725733599202913 
-0.10767742092032852 0.11032913360047239 -0.3118364556967179 0.06861681100780073 -0.14789944574002273 -0.0554188190083721 0.32035860269683336 0.028534032772746735 -0.1820339218797389 0.2611451224102188 -0.4981865088114039 -0.0004327885849318005 0.33227808494509714 -0.016980965872587482 0.08337392253065203 0.2597282656511356 -0.2128437000566008 -0.04995537032956527 -0.289910329985579 0.27675812963094126 -0.22015937345973163 -0.30934277554577544 0.33653777452637856 -0.21410658405433194 0.01672159091494085 0.16054396232634924 0.11192063659663273 0.12971614389260833 0.13117765564077466 0.16623106169724017 0.07954672672280602 -0.2647129018439134 -0.10165740554584718 0.1845187949347478 -0.06064307416737269 -0.09884733139101443 
-0.04951344602315597 0.2950959207666967 0.2214409715480446 -0.22574865250083637 -0.3216966542372402 -0.019762884225298837 0.1938887084310932 0.1285616988172259 0.052521180210017344 -0.2753941899433142 0.2488807479826707 -0.22753169023677336 0.08339849457621282 -0.20926841290561898 0.19025177102121715 0.13665957860982142 0.07494350846987802 0.2114460170466125 0.15622361498292922 -0.4252871397240526 -0.22562492504868806 -0.09453282083008072 0.10719472728882046 -0.060841430069699165 -0.0744108988333205 -0.16981733549874778 -0.01648913161214843 0.3283517828661996 -0.09200539871730662 -0.3102659349242437 0.06581429956771268 -0.15309045339073368 0.22542520609190378 0.1366223976625655 0.13130504562147627 0.03265828796367108 
0.14967782459292442 0.07031813686219124 0.3728674139690241 -0.13112328288373482 0.18645750084658858 -0.07000706838665534 -0.06138801819645075 0.3417843662276543 0.28824182268019044 0.03285291518430348 -0.32550786395287257 0.17353156999890731 0.20214677957466903 -0.06215030301512117 -0.17374271357279142 0.101670538065496 -0.15843769350571074 0.050784167606883215 0.3739990382020959 -0.09028882344085365 0.13173836830421665 0.5353511142942713 0.07871076629979559 -0.03280170418328965 0.10713909499294007 0.04187176480419151 -0.061971680491579646 -0.0018720570934844909 0.18453837981180643 0.1307350199380004 0.2217684941849663 -0.19647068819225894 -0.2251138842856234 -0.0939837875328483 0.15216823208983893 -0.06496869034528399 
-0.021829202954093054 -0.02788815708358823 -0.3491045035432419 -0.014298511147748364 -0.1442796847626765 0.08553889482510582 -0.1272979086911718 -0.10481031341629624 -0.13023929360604192 -0.04414885730247381 0.2758254524987124 -0.08075285358869656 -0.05490315975168262 0.1829882082223611 0.10609228448560533 -0.2867719818901914 -0.23699318769753733 0.0351448995911131 -0.09069017774962437 -0.13959487172912055 -0.12326896085658581 -0.2978007562307114 0.17841468342330216 -0.19042191178040427 0.3035996688848837 -0.11457682870083452 -0.1053127921704273 0.108928903857822 -0.164191015953541 0.1168835014452475 -0.15853111069420833 -0.2041885767303495 0.31514822921970403 -0.12004855690649241 -0.038153076719200055 0.038716625484831665 
0.03677014840919907 0.08457456510730085 0.18438264045849923 0.14389253764319504 -0.01818050145868241 -0.0012182822168733775 -0.14072415180248482 -0.06325451611000489 -0.11752266660620717 -0.008030566169307732 -0.1449204950104597 -0.00035811681560098205 0.35635310395040465 0.4662282479587899 0.16578426307446534 0.04744623282697756 0.024665941573872245 0.07380903071889398 -0.06333702001383269 0.1041592295387141 -0.08998530107357883 -0.136476710550127 0.03781059569320884 -0.09545431447260638 -0.301414167851331 -0.1166632696703451 0.37875576162062496 -0.22621569516791057 -0.0620319828570203 0.1513140207444065 -0.14607169228418942 -0.006423876381921675 0.09079481826510324 0.1832524557397432 -0.28183930636207283 -0.42770390549915216 
0.025292451171841708 -0.3050974722547065 -0.042393176359354585 -0.027109049459057594 0.1559329273237441 -0.0448851003366388 -0.13351860380581643 0.007227614022725007 -0.21102996507896857 -0.14764626587495638 0.08363550145202481 -0.3475919915574336 0.29578465795293996 -0.05453745657181644 -0.11504614384663667 -0.17439559127702353 0.26126148949356226 0.21733108160690331 0.06636798110789524 0.043591729712907874 -0.22316626483386462 -0.24306197920963923 -0.02942317884453519 0.2392237593344318 -0.1679397365420672 0.008832454403943455 0.4095627775992157 -0.1426645764439873 0.016003483420049782 0.38560938924586946 0.19570861131514478 -0.09640227371724422 -0.014944563718736068 -0.06645409196681287 -0.20720297689016712 -0.2961492481372664 
-0.16476650733107734 0.028569223271717473 0.10341206694806379 0.14425959294041474 -0.1688884965176676 -0.0017198291717561555 -0.08230146911541752 0.17208293979429592 0.05976636757147846 0.1757332660510326 0.011214743823616655 0.09338645779551033 -0.061971761475673307 0.0470813327399435 0.1677863655180472 -0.0031752241298201554 -0.1133784258909297 0.0638970652738863 0.1796237805854768 0.198189673134783 0.05985437924782153 -0.04589841572315437 0.04905768554328303 0.11556249013873021 0.19168802099138937 -0.05663272626957455 -0.21411601600390517 -0.02638026816393254 0.03377650682349875 -0.020596111954495205 0.04765689054840484 -0.03501945667005896 -0.016283954867607236 0.3478186656670932 0.09829379931429755 0.026033895826942658 
-0.4871215232152174 -0.4301636341991731 0.289159389121241 0.011685273375365533 -0.10051207884314864 -0.1302831123929444 -0.14208008167863354 -0.16187935736051906 -0.23314863704885225 -0.258306030185642 -0.06490324159235873 0.31160859232720894 -0.21605282878649204 -0.34674412882841366 0.6460244217471038 0.01119987373715469 0.034761921154152754 0.2073513940418369 0.2708130599369724 -0.09350725153246782 0.0533635588037105 0.08387833721283194 0.5177292377650907 -0.2847323899234788 -0.08514230736090198 -0.06676778656146778 -0.052086068685728855 0.04596729823846952 -0.031431394594057 0.09163304412376186 0.0030517871810316474 0.11138966522283453 0.1338035848143994 0.11456695679957579 -0.24086544820961064 -0.11010415189327018 
-0.04624077070128111 0.2898402342592652 -0.1218635456076021 -0.17904707681041465 -0.012285075852882351 0.06572517884909888 -0.08665567862214638 0.019052597526493048 0.022064097469359643 -0.11051452346849479 -0.07956857683669263 0.1444951019274868 -0.11173251555840205 -0.12694582440445853 -0.000546682357033107 0.10132795220298466 0.13842658964881227 -0.1141682794703361 -0.20368149979819705 0.1722151576493524 -0.003148380032184 -0.34523875524138115 0.286405984599922 -0.1951156783657677 0.44138352528746627 -0.24274778205377126 0.2507562197345689 0.10941291221194746 -0.06372971640102926 -0.1493043234239022 0.1412688756035434 -0.06609353649611112 0.3839090248353695 -0.09158260789531317 -0.08734264670785825 -0.1455767349730846 
-0.001783310204726936 -0.14389203236324283 -0.17867295999094412 0.21931438581175827 -0.05935513953078737 -0.01099994441363038 0.1163030341366105 -0.04714601142159903 0.01944306274524303 -0.012153525096705803 0.01754165765920629 0.04510261552774744 0.32641779916189473 0.06967214088185547 -0.39201142261359634 0.23725526990246204 0.0537515318955521 0.008706765836585898 -0.04331583518519111 -0.1320930263424071 0.05438007009017343 0.22240177431719804 0.2562853004127543 -0.20046143012239426 -0.08934372934381665 -0.4038436096637903 0.022596740553492374 -0.19968355575889069 -0.10078604714857971 0.06014909105323944 -0.07208111272392292 -0.058557622248017305 0.05957568124643625 -0.06250360836685544 0.08381060256580791 0.10002321196876647 
0.1951323242872881 -0.01586385977158012 -0.04261756475642846 -0.12452556363074137 0.26364462501680375 0.13934882457964765 0.023783309352472377 0.12008925925557831 0.07451267201766185 0.1649085587992176 -0.00035681963419351343 -0.06476729435474346 0.14301232696261904 -0.0771155815258662 -0.2785564419460741 -0.11003880805811883 0.1658461267553213 0.28385981010989764 -0.17222534178854887 0.20588983805411182 0.09971407799730095 -0.006356557880608895 0.04827189509610359 0.14714666578940494 -0.03961002851938841 -0.07551575915982445 0.19198886528414164 -0.03790620438009447 0.4325057286326717 -0.07777662348265062 0.02710438352053688 0.022870235354103804 -0.17830273934503052 0.06054311309381513 -0.2215438389307176 -0.01879886652324713 
0.01932525874879014 -0.10047394499146642 -0.21075883305117082 -0.024824451782194168 -0.16907261306930743 0.04478590432377608 -0.2693870687282983 0.151285741172973 -0.002377108477964243 -0.02004408511727631 0.19475378860643536 0.030990234697194866 -0.13609050216587767 -0.2236212385897905 -0.2893555271431577 0.0061427492628493355 -0.03277601052648119 0.2690767461603537 -0.05087859145412027 -0.2386897726248485 -0.1506396299641427 -0.0738907222672994 -0.02169947046526279 -0.0393011461947649 -0.14857091953399976 0.0064421424314744045 -0.1609323235577712 -0.10110185809617674 -0.0637220013802446 0.17459246219966928 -0.3043842564657232 -0.04443520904459767 -0.09066178463902339 0.015855182317997846 0.07921024594000461 0.2432259889378056 
-0.04448643995313949 -0.005530846696817755 -0.0509315601218098 -0.24849799085412563 0.22186083180023822 -0.2749175086478096 -0.19939789490086393 -0.13943248843817277 0.13179947420555588 -0.03041754681662094 0.05946233920735744 0.1875823085039582 0.2632372594860887 -0.05663522810027452 -0.0825042250228692 -0.23599197182064627 0.062051664008405935 -0.260731783152662 -0.029103507256660284 0.27111507854385963 0.10960670573046424 0.02568946564548112 -0.03954471326150523 -0.23809488398039974 0.12015677165234204 -0.0019737180098246317 0.18643750547391552 -0.18016723455599726 -0.20144928793970635 -0.24001201374485803 0.06188627500165496 0.16019459837670236 0.282617059126158 0.046115645234813964 0.10784608206461704 0.0065776081662775095 
-0.23250070702290543 -0.10302942927019394 -0.2443815865187881 -0.03264603953129647 -0.06420608472829459 -0.3106442933632293 -0.2761323126410983 -0.022964392555669556 -0.0002661333290163737 -0.14981259011887454 -0.0917116541342616 -0.04057377695779305 -0.06319402049814879 -0.43142520751048274 -0.18601481788426136 -0.23511268760269222 0.1908597202618768 -0.0282143213111228 0.08009892556313541 -0.11211576126608165 0.13427874816646573 -0.07283794521149477 0.14780803777156368 0.033370665351001 0.16179271117479646 0.009696151610706433 0.06934942389396889 0.1082386678533562 0.05629111516947655 0.23266958961348472 0.11813625467562533 0.04026442800424791 -0.3701483194412459 -0.3448536945541065 -0.1618864528604178 0.0912964711499118 
0.1535749087665213 -0.07954997281356921 0.13497733399379616 0.2302939956288264 -0.14176676463020751 -0.09761072445307407 -0.0034486946280419648 -0.2437375511161668 -0.10084131817146343 -0.15335508414930138 -0.16677245572897476 -0.0036458281769383523 -0.0037771115940332966 0.14585796486874344 0.14718143211267243 -0.3046271449224597 -0.05513266612838205 -0.05974502060320678 -0.06719863253290653 0.080065937402122 0.32883504814821685 -0.000416450107371917 -0.10119749121727113 0.18146159642430687 -0.30188899222423177 -0.005074965360440074 0.13547864835760226 0.09249191031746119 -0.0028782795456727267 -0.16143466359209466 -0.0642968976965319 0.017508039654227266 -0.019914257162764626 0.20714874322885485 0.014828755621159007 -0.16157064663887072 
-0.11224983689614736 -0.19745733232564885 0.2753291212374082 -0.11179444286639637 -0.2562109045811189 0.424467041383824 -0.07043972208208836 -0.11070114587663857 0.1471607082895309 0.028846458688281416 -0.00046751316361668804 0.14045191345197242 0.17971789746389163 -0.2001729256993029 0.24101963998241194 0.3667513514677618 -0.003906766419252952 -0.12233400767567934 -0.19839200951059377 -0.24026881667958083 -0.1411619235187261 0.02460724022054864 0.15974179398974958 0.1704971371818373 -0.4587185013419571 0.3811364580404371 0.16796154761690765 -0.12299742420825097 0.3616812568215367 0.04069391590123525 -0.25286700061296474 0.22234925574262218 0.09993443359059061 -0.33832683249511 0.08373907122118728 -0.14318975724145946 
0.3319195491548362 -0.040486760144068996 0.41180043154675644 0.0831394206135984 0.36409505946509446 0.18898072684647632 0.011179590036614928 -0.05661032706408997 0.5158045767835071 -0.0058885327796674505 -0.04135627314543103 0.014039717981741256 -0.08264774507985703 -0.10938330900029167 0.1789563230907624 0.042721404648333315 0.165279192620505 -0.02181481824493559 -0.06584810397500782 -0.07011770407035811 0.24708695764847882 0.1328944186664314 0.3498091965788716 0.1072916685523599 -0.14024313755754228 0.3371951829066941 0.18133123338747031 -0.12394840709881348 0.23847062752029544 0.3190684318350224 -0.021876730445370907 -0.2526487165540814 0.4192414701047976 0.19848788297928097 -0.5047839937568321 -0.07889202243577786 
-0.11376932358123452 -0.07676561958248594 -0.28727236681288826 0.01354559948341927 0.06236723828279426 -0.30576406314645915 -0.0732315959731559 0.2189545471372553 0.24427284956553807 0.04227365413146226 -0.15965433739370208 0.20778569605454822 -0.0631852173482397 -0.055162203494449225 0.025282025984193046 -0.38350978960575094 0.15646935571747903 0.2014329936911183 -0.10585714501009234 -0.12959567739269567 0.04086995651367358 -0.009743103267946989 0.19846507978910635 -0.13545049299151818 -0.13755005318047117 -0.5059489247395295 -0.23756545700855566 -0.12176960620652849 0.2394495708917276 0.24993821271580474 0.035490403071034966 -0.18238029740108025 0.5321699427916236 0.06819908518397652 0.45050235613374306 -0.04927960456836345 
-0.27765936045155176 0.16618570742668873 -0.13996384330132128 -0.12761796235753947 0.003053828202789044 0.07026113217854722 0.09004916007999764 -0.41220578349076403 -0.08647773144903186 -0.10333225276112612 0.11682436051200558 0.25812169082061076 -0.6401732915515472 0.026128017129739813 0.004627566760987992 -0.07095502522410328 -0.2408013622779088 -0.05939518351096428 0.0063409388153892795 0.167377861888653 -0.11770430125610423 -0.06366587578469507 0.07177604307469054 0.2757293418944169 -0.6128339746523017 0.15289863502882936 -0.1665775916961011 0.18184972924071835 -0.5615470856345527 -0.044925308461589465 -0.20015606754630869 -0.26471120780762264 0.1461763504932776 0.07385025494279819 0.28011917900971517 -0.23194587412141407 
0.32560913832173183 0.1177823064339065 0.2570955871650238 0.0584292563942383 -0.09827345834451828 -0.3006392805022838 -0.20844378930469248 0.043675326903762975 -0.17908889990872898 0.06765014061224418 -0.0800130638674291 0.05282498099308776 0.39592717418281886 -0.23605480240396817 -0.22456108184120047 0.19233567941325094 -0.24293965768929873 -0.16426355764628545 -0.010167435635530355 0.02415320146822006 0.039173592826379416 -0.1231690133945869 -0.007783126527108847 -0.05706731498479476 0.0643891717347268 0.040029818655819636 0.22594704698826848 0.39464532602523145 -0.2868810677757166 0.2963317529011675 0.20608533448265448 -0.057727573347192765 0.2551421872648953 -0.4060628650693459 -0.3522795366195275 0.38194913323245255 
0.22118590880027034 -0.21843556981008339 0.049118790681571364 0.09791475961948082 0.08598357530824419 -0.062232967924876516 -0.3179387769137778 0.09502492127283806 0.04039926144832059 0.2979878777747446 0.2443513572592853 -0.024478142302561515 0.019778229605439034 -0.10577597961938905 -0.3837035821063346 -0.30241703300737444 -0.30096327445476734 0.09003482851640235 -0.2208334336683783 -0.08979208521599316 -0.07937249376602681 -0.05803455266668034 0.057351080737783576 -0.025376112406513045 -0.217757432819936 0.12822924642650588 0.4023496108430763 0.1721179412703137 -0.12703172121045533 0.1646507636375828 0.1475980767413911 -0.3931485634005182 -0.04009637012840575 -0.33143642004994206 -0.012717246903080789 -0.4056410097830489 
0.19796147057244634 0.03953909674632418 0.0686745715831657 -0.21041334037534784 -0.3043446531555895 -0.1987312966701367 0.10055372518872605 0.09021428948140404 0.07678224197501371 0.12972638450258375 0.16187590239269511 -0.026467816500475767 0.11321024716404621 0.05807125590425149 -0.09737730821641671 0.22262599161696095 -0.018841790318063985 0.4421758954665593 0.014719521167978608 -0.010137715371757464 0.005515342884179078 -0.2595848147388682 -0.42716572606215686 0.21762153179182073 0.06234577246869209 -0.15958996165928518 -0.0799993942626223 0.5415612548714646 0.04416729841636295 -0.15344390421601303 0.09768983049644818 -0.15875027078968101 -0.21858838793240928 -0.1419914141105756 0.15758049374367641 0.0529889548860564 
0.03853803904631388 -0.12462774358442347 0.21882772988348484 0.008706584839667486 0.28675706553336827 -0.08017316064796522 0.1347978238816756 -0.13023517409984656 -0.4473687242634344 0.0654142982273953 0.04663799148164319 -0.14552814938989195 0.2569283946671745 -0.07392702796436151 0.11662700376269938 0.15447702819925768 0.09832217697555197 0.08347388158755133 -0.21735655992936095 0.03212966678813708 -0.08860379372240634 -0.2646365414646933 -0.10322825505564505 0.22439790660782166 -0.11279978969665642 -0.20042879409093134 -0.25526041612527395 0.2830310122399981 -0.0799462739249832 0.455235886544959 0.27202402303742207 0.060495529770836234 -0.30630034163464426 0.25699388712529225 -0.1102476068851684 0.09903265030328583 
-0.3023796431676295 0.21073572099407592 0.21803934880594894 0.12232070440561106 -0.16362578845991518 -0.15902382879664775 -0.03639350173364978 -0.18999571159944437 0.3257813284401909 -0.18388981097181695 -0.45328215447461745 -0.40699730861679123 -0.16358055655333342 0.2573455809727613 0.09254895426456501 0.06021385652938158 0.2859920613960203 0.4100392955308586 0.014354481223993 -0.30355488957477483 -0.06831608712987136 -0.08347758719833827 -0.10356740634012718 -0.14647950098388898 -0.12524817811535766 0.09016372915604991 0.09662453103799978 -0.1173174802879267 0.009031267467003445 -0.042004357286221566 0.4125846365981838 -0.2012610037217118 0.13286869235320659 0.06344638681936925 0.29580716227879306 0.32041536173283164 
-0.29635678299243895 0.24298660749723253 -0.16807318955832692 -0.11491367003477708 -0.024842805421752167 0.08567172471897136 0.1265124218605375 0.09997305951344881 0.17402698447512926 0.11049982630041921 -0.14689480172636116 -0.3688958418742134 0.22431377831790963 -0.10400327404363381 -0.5126490765833032 0.19546226840740813 -0.3073651210077153 0.12006844175018394 -0.1075888265736742 -0.18855088557215824 -0.2876659240650879 -0.2270889621819025 -0.3306394393189374 0.0699125725441216 -0.09505395680060658 -0.4105385033753677 0.10605628413716547 0.30916428489427816 -0.2747875239504223 0.1452417173343093 0.13587348281747402 -0.12745573450298636 -0.04918998418909519 -0.3627400784172259 -0.4748978115796596 0.025386260315389035 
